"LE"	"Kin"	"u"	"De"	"VPD"	"Twater"	"Kin_u"	"Kin_De"	"Kin_VPD"	"Kin_Twater"	"u_De"	"u_VPD"	"u_Twater"	"De_VPD"	"De_Twater"	"VPD_Twater"	"Kin_u_De"	"Kin_u_VPD"	"Kin_u_Twater"	"Kin_De_VPD"	"Kin_De_Twater"	"Kin_VPD_Twater"	"u_De_VPD"	"u_De_Twater"	"u_VPD_Twater"	"De_VPD_Twater"	"Kin_u_De_VPD"	"Kin_u_De_Twater"	"Kin_u_VPD_Twater"	"Kin_De_VPD_Twater"	"u_De_VPD_Twater"	"Kin_u_De_VPD_Twater"
NA	200.771604938272	3.72222222222222	0.556740212152651	0.298998919494177	11.5268518518519	938.888888888888	107.857825763197	80.5634260344127	2315.61985596708	2.00435260443128	1.24550800768644	43.1	0.163851096042108	6.40888648296563	3.44792879096728	496.792064030995	383.712330370613	10853.9300411523	43.4520386265784	1242.51600880622	928.700813959993	0.667081701212591	23.1834232347558	14.4121446783581	1.8870030664618	204.099738078138	5737.49391726181	4432.16222882765	500.371351132056	7.71049770809442	2355.45090329299
NA	35.6481481481481	5	0.31661645946888	0.20571380982556	11.4944444444445	215.74074074074	9.81482275875999	8.37746753750946	412.762345679012	1.55050045597705	1.09172416065178	57.4888888888889	0.0639323627686433	3.63817055382976	2.3646340483654	58.1724937855301	52.5442564421424	2499.61419753086	2.27383299687375	113.616063167243	97.0426057335408	0.333454068345531	17.81958337626	12.5543702484628	0.734590434649069	14.0244310100591	673.874078978855	608.973859972612	26.3342271045046	3.83263533120648	162.516098019229
NA	302.222222222222	6.26666666666667	0.248455024064214	0.289727461560098	11.3589743589744	2059.25925925926	51.3374082255027	123.374524195722	2678.58618233619	1.54173925313602	1.83687570529038	70.5794871794872	0.0621105177742849	2.81815282427026	2.93454769757414	356.37092418981	840.27920359952	18574.8967236468	18.3684523886884	587.112377034852	974.83583732644	0.388738610921101	17.4461895206477	18.4306122284696	0.707994009508613	128.721156091872	4067.74232117765	6821.40707900977	210.831399554667	4.42045938178971	1474.93844449647
NA	NA	NA	NA	NA	NA	NA	NA	NA	NA	NA	NA	NA	NA	NA	NA	NA	NA	NA	NA	NA	NA	NA	NA	NA	NA	NA	NA	NA	NA	NA	NA
NA	NA	NA	NA	NA	NA	NA	NA	NA	NA	NA	NA	NA	NA	NA	NA	NA	NA	NA	NA	NA	NA	NA	NA	NA	NA	NA	NA	NA	NA	NA	NA
NA	NA	NA	NA	NA	NA	NA	NA	NA	NA	NA	NA	NA	NA	NA	NA	NA	NA	NA	NA	NA	NA	NA	NA	NA	NA	NA	NA	NA	NA	NA	NA
NA	NA	NA	NA	NA	NA	NA	NA	NA	NA	NA	NA	NA	NA	NA	NA	NA	NA	NA	NA	NA	NA	NA	NA	NA	NA	NA	NA	NA	NA	NA	NA
NA	NA	NA	NA	NA	NA	NA	NA	NA	NA	NA	NA	NA	NA	NA	NA	NA	NA	NA	NA	NA	NA	NA	NA	NA	NA	NA	NA	NA	NA	NA	NA
NA	NA	NA	NA	NA	NA	NA	NA	NA	NA	NA	NA	NA	NA	NA	NA	NA	NA	NA	NA	NA	NA	NA	NA	NA	NA	NA	NA	NA	NA	NA	NA
NA	NA	NA	NA	NA	NA	NA	NA	NA	NA	NA	NA	NA	NA	NA	NA	NA	NA	NA	NA	NA	NA	NA	NA	NA	NA	NA	NA	NA	NA	NA	NA
NA	NA	NA	NA	NA	NA	NA	NA	NA	NA	NA	NA	NA	NA	NA	NA	NA	NA	NA	NA	NA	NA	NA	NA	NA	NA	NA	NA	NA	NA	NA	NA
NA	663.888888888889	2.66666666666667	0.24526340910234	0.560961790310104	13.8888888888889	1755.55555555556	162.915419240842	378.656706554484	9222.71604938271	0.659286126714142	1.4981747305905	37.0333333333334	0.138284059901392	3.40652988656442	7.79374307353488	434.555853135903	1005.13341608942	24386.2037037037	93.4236857522202	2263.28163510809	5261.90542620266	0.372458815476781	9.15618266145225	20.8137513198813	1.92132205700274	250.242424262256	6036.59828157022	13967.0860989289	1298.28537204254	5.17469840824742	3477.45811750539
NA	NA	NA	NA	NA	NA	NA	NA	NA	NA	NA	NA	NA	NA	NA	NA	NA	NA	NA	NA	NA	NA	NA	NA	NA	NA	NA	NA	NA	NA	NA	NA
NA	NA	NA	NA	NA	NA	NA	NA	NA	NA	NA	NA	NA	NA	NA	NA	NA	NA	NA	NA	NA	NA	NA	NA	NA	NA	NA	NA	NA	NA	NA	NA
NA	NA	NA	NA	NA	NA	NA	NA	NA	NA	NA	NA	NA	NA	NA	NA	NA	NA	NA	NA	NA	NA	NA	NA	NA	NA	NA	NA	NA	NA	NA	NA
NA	4.16666666666667	2	0.799359002144352	0.178682441785435	15.4916666666667	4.16666666666667	3.08795164867845	0.812107076089893	64.7916666666668	1.61874607620006	0.374743925136904	30.9708333333333	0.142584785785226	12.382659649068	2.7693174627497	3.08795164867845	0.812107076089893	64.7916666666668	0.601859372283655	48.01764813695	12.6282650331979	0.303345185301618	25.0664905578161	5.80557374854464	2.2097121246039	0.601859372283655	48.01764813695	12.6282650331979	9.35891323901082	4.69934068392402	9.35891323901082
NA	316.880341880342	5.30769230769231	0.578801153293189	0.496207871862284	15.0807692307692	1738.24786324786	167.200430473345	249.332211062505	4782.59259259259	3.0094352374868	2.70407815955797	79.9282051282051	0.274087635352829	8.73743665449169	7.48753001561032	910.0464825638	1329.1376890212	26208.4544159544	134.09583566069	2525.70263047413	3773.78075087476	1.47759074665883	45.3523459984078	40.7569645113835	4.1389944104721	707.16828355371	13731.1171907465	20094.5433539553	2031.60451613725	22.2841706383929	10700.5493948329
NA	18.75	3.75	0.547328457290362	0.117494072350652	15.2125	75.0000000000001	8.93756095010762	4.38758135825796	284.999999999999	2.03944388740135	0.464204661974872	57.0375	0.0575025902471191	8.32688604790151	1.7861984811013	35.7502438004304	17.5503254330318	1140	2.09161528989064	135.850926441636	66.691236645521	0.226550387122651	31.0220275797645	7.0567766061322	0.874212370449497	8.36646115956258	543.403705766543	266.764946582083	31.7925524063378	3.44408488034418	127.170209625351
NA	2.08333333333333	2	0.763041238856053	0.140570742708303	16.4458333333333	2.08333333333333	1.62681405634951	0.37232467808963	34.4444444444443	1.49088598689737	0.332426368243618	32.8333333333333	0.105779546970715	12.5496441302243	2.31137080295671	1.62681405634951	0.37232467808963	34.4444444444443	0.290737449524168	26.8966590649785	6.15576801108185	0.242941702823247	24.4775521976104	5.45503834003402	1.73953184081525	0.290737449524168	26.8966590649785	6.15576801108185	4.80685916546622	3.98705682044329	4.80685916546622
50.3472638888889	187.361111111111	7.8	0.433025212248628	0.358800545132854	16.1649122807018	1497.91666666667	68.5289624532997	97.9581915254871	3179.80263157895	3.24331494969292	2.90254845112266	124.49298245614	0.150399825662102	7.00264527499123	6.05081599178928	555.062633160625	792.510222998259	25446.0989278753	35.6575385826053	1108.65153966733	1668.76191040289	1.20081041477981	52.5582234256154	48.923435064274	2.43678449207903	292.267248057749	8995.72420759959	13518.9690334215	577.560835720849	19.495357975665	4741.11120578614
NA	NA	NA	NA	NA	NA	NA	NA	NA	NA	NA	NA	NA	NA	NA	NA	NA	NA	NA	NA	NA	NA	NA	NA	NA	NA	NA	NA	NA	NA	NA	NA
NA	NA	NA	NA	NA	NA	NA	NA	NA	NA	NA	NA	NA	NA	NA	NA	NA	NA	NA	NA	NA	NA	NA	NA	NA	NA	NA	NA	NA	NA	NA	NA
NA	446.006944444444	4.75	0.833096524564594	0.699977963522572	16.3233333333333	2059.89583333333	381.508457396249	342.445557743729	7111.5462962963	3.91159226260772	3.35222434619528	76.1411111111112	0.580132400472059	13.6033758232283	11.1696636383241	1718.31226467234	1589.70582026429	31987.3888888889	290.294661852807	6193.17299866337	5364.62018221322	2.72253600920401	63.8487084048725	52.1921608779689	9.50253124909287	1305.03802365948	27874.4143395802	24092.9573333896	4733.46760932652	44.5789910481359	21267.1837663132
71.6131952380952	217.874396135266	7.60869565217391	0.326308659345886	0.316449334027716	16.3565217391304	1773.30917874396	52.4275574577534	90.6349544048623	3562.14170692432	2.43550123818893	2.40313119001134	124.380434782609	0.105431564107775	5.33483048365179	5.19765438973093	422.207225811116	733.349095014209	28971.7512077295	22.1883568792881	858.436195200098	1485.19880986506	0.780914805041546	39.8005140029837	39.445510539456	1.73025465073093	177.346278400874	6907.32341353666	12006.9691907774	364.16616257452	12.810340876278	2907.96465391268
81.8315375	330.416666666667	6.2	0.460491237435294	0.49417979662143	16.9438596491228	2215.55555555556	154.761861321251	219.687531258147	5880.94054580897	2.86178032209109	3.14440754376307	106.106140350877	0.241539044547772	7.83642172901171	8.51849601839054	1046.1028785815	1488.23945989085	39485.3118908382	104.243658635141	2629.99056702145	3920.36294364486	1.54143632766441	48.6872180649117	54.6537967217891	4.12225272176941	712.011862223166	17787.3623969466	26584.9839699067	1773.85510046183	26.3038936667791	12122.5044186344
NA	87.1527777777777	5.625	0.501643989951576	0.264261683872294	16.9833333333333	473.263888888889	35.0357486373016	27.7431060940175	1474.57175925926	2.82737368117311	1.48059270819491	95.5208333333334	0.131175791811621	8.5234397344293	4.48864737021481	191.871179408171	148.317362607482	8006.64351851853	10.9693228707549	592.733402338547	469.470550095635	0.737788722077633	48.0344663240939	25.1469937036334	2.2292622092075	59.1139747020424	3245.78699045979	2509.63106157499	185.608723533473	12.5373388867637	1000.16577582006
NA	450.740740740741	6	0.381246907698002	1.12320745746182	18.5322222222222	2779.62962962963	123.55637958167	615.097075222251	8313.97530864197	2.27663819206474	6.9562394201385	111.325555555556	0.393429707146849	7.12008017223799	20.9191882531708	759.638540596636	3860.8183041516	51330.5679012346	174.925606987854	2297.15770671786	11411.5927216409	2.41958046823668	42.5664308848935	129.652235252329	7.39199989208577	1091.54842004421	14138.3245395276	71675.8512426	3274.11308822173	45.4874632961706	20440.5206684966
NA	139.74358974359	4.46153846153846	0.565307763886781	0.535659047508167	18.5	865.170940170939	0	109.30216611663	0	2.80926819006813	2.64213408053981	92.4500000000001	0.268674346401754	10.4588285851938	8.7739977404407	0	685.298885276286	0	0	0	0	1.30860067359778	51.9469867891897	42.9477623474927	4.97140806359087	0	0	0	0	24.2021869793447	0
NA	260.763888888889	3.5	0.724334890963246	0.59790294766253	18.5462962962963	798.958333333333	439.288267093833	260.635773845177	8000.38065843622	2.48759725073324	1.94251825966218	76.3185185185186	0.67393685314573	13.410726121781	13.1761161352981	1332.26053599435	778.223147901336	24518.7139917696	474.420165666278	8145.97409039617	8244.05750032257	2.11604122718039	46.0458206226786	45.7394952075013	12.4960649201153	1403.36270978251	24674.1216090716	24581.4932398724	8812.52980767296	39.2005615649101	26040.0787527632
NA	105.128205128205	5.53846153846154	0.44905396146364	0.249714348164185	18.4807692307692	434.40170940171	50.1675460054571	33.0179868799981	1940.35256410256	2.38254923342278	1.28602970573765	102.40641025641	0.11441467675616	8.29762743271809	4.61407262279971	200.516537348363	134.690710717526	8009.66880341881	15.9422965448649	926.580002823944	609.624472324166	0.56214860488988	44.0334575751169	23.7692840393555	2.11414212955296	62.9003380388666	3698.8825725605	2484.31006135026	294.552319385695	10.3866689738502	1160.7124636304
NA	328.703703703704	3.66666666666667	0.869252038830337	0.522105680149983	18.2314814814815	1734.56790123457	278.862701883069	233.483435227405	5989.23868312757	3.07591829313935	2.28059543577151	66.8518518518519	0.462607478759203	15.8501774812991	9.52301703491147	1458.65891529781	1247.79375092591	31601.779835391	197.858831911381	5082.03127937374	4254.21616477861	1.96411244262658	56.0930351547065	41.5896468939006	8.4390481313223	1049.49339088229	26579.2902016611	22733.9310514107	3605.77373210398	35.8245734869426	19124.1044184337
NA	24.6031746031746	8	0.698388619973801	0.417735320927935	18.002380952381	133.333333333333	13.0932058747708	8.45166403851036	445.502645502645	5.83567186117909	3.4296077579613	143.809523809524	0.296171772465036	12.5568106103034	7.51506935675011	72.24898149598	46.5168282452927	2414.20634920634	4.49848885830921	237.051549862567	153.068117096383	2.53578983904918	104.789140526415	61.6076640796785	5.32106932432019	25.2646171859325	1307.90798511912	842.410548974163	81.4568176150533	45.5016089614098	457.415000204761
220.553525	111.574074074074	13.75	0.689242569811878	0.368261220444945	17.0576388888889	1628.35648148148	75.380459898709	48.8914895466188	1890.15625	9.56035470246516	5.0739810202243	234.872222222222	0.257484338313388	11.7766017194089	6.28455985489647	1099.93830104341	712.998707559815	27588.8522376543	33.3200843437024	1277.13998725385	828.074265343918	3.57265083880828	163.555765660431	86.6848291696814	4.40131242595523	485.87468265114	18638.0999573335	12077.3560841367	564.388845067675	61.1283380830464	8230.8779256589
NA	371.428571428571	5.92857142857143	0.543763804169581	0.393248272822819	16.4738095238095	2002.77777777778	211.831139324822	218.311306457461	6161.93783068783	3.19241874852162	2.20244931279886	97.595238095238	0.223944494105528	8.97170449405119	6.51427804672744	1119.0201104286	1143.2839231308	33171.1375661375	130.122133082473	3523.32994759516	3637.97400560808	1.23028016348477	52.6165058963051	36.4237949912953	3.71851046005171	665.501228550834	18576.647537829	19014.5513214846	2174.07790826624	20.3871898538091	11095.6736270413
NA	0	2	0.361028355148317	0.102846503801393	17.3	0	0	0	0	0.722056710296634	0.205693007602786	34.6	0.037130504100172	6.24579054406588	1.7792445157641	0	0	0	0	0	0	0.0742610082003441	12.4915810881318	3.5584890315282	0.642357720932976	0	0	0	0	1.28471544186595	0
NA	131.944444444444	5.16666666666667	0.556006045322404	0.142082942174986	17.2166666666667	931.481481481482	67.1011761318409	44.5487090505162	2256.80555555556	2.45624567200092	0.812419277935809	88.55	0.0780833127541372	9.59020070347995	2.44100814110607	473.806744547849	312.652687640963	15931.6666666667	23.0968791751907	1147.63156415804	761.829627723157	0.403297690750557	42.1145161652169	13.9107649265155	1.34337149826893	162.090569073171	8103.30404558959	5346.64117641644	394.973569049494	6.90707763506754	2771.8503420736
NA	69.0972222222223	5.375	0.507952046594091	0.15353623385873	17.1458333333333	371.875	25.8737048990925	11.3303808936373	1192.78935185185	2.78168309060615	0.86059493088581	92.2083333333333	0.0777433211364307	8.69598936457849	2.63383723846083	152.315607924131	64.2225239435659	6413.50694444445	4.41140974043933	446.190946287696	195.516826894224	0.444040229815589	47.6667803423392	14.771540976494	1.33176247693294	27.3355782860244	2624.15729549901	1107.1807519423	76.046100292171	7.61410213973357	470.808562985193
142.173	168.171296296296	7.75	0.611401496966672	0.387596406149934	16.8729166666667	1473.03240740741	105.597116000906	87.3454959486317	2837.96103395062	4.7640650379239	3.11524921064598	130.722916666667	0.239686199848874	10.3161740539533	6.54210769979972	930.353678703475	766.7106055329	24850.3414351852	55.1869081885726	1781.98798434489	1474.50363632723	1.9373110496364	80.3593391409325	52.5662330355369	4.04558619434009	487.685077478853	15695.5837153	12939.2874397204	931.617823594565	32.6904556147035	8230.48740217527
NA	252.564102564103	5.23076923076923	0.442808111158499	0.402252612833878	17.1966666666667	1189.10256410256	218.449711561563	175.246526050857	9154.60185185186	2.17300424623188	1.98907431530003	82.3366666666667	0.286717549494102	7.61592273204263	11.2093851354436	973.083667023706	803.36183470735	41965.8796296296	180.305467246483	3817.83903260797	7342.27094214113	1.30591031808999	37.2150235213518	51.3965200324822	4.99292562306303	784.823772682652	16976.4628471083	33157.365738274	3165.40277397796	22.6267605456437	13737.3883021056
NA	91.6666666666667	2.28571428571429	0.658031840355936	0.339087674829395	17.5452380952381	239.285714285714	53.4638204384201	47.16813276344	1613.2671957672	1.53465506254853	0.839444952850378	40.0833333333334	0.215916271376653	11.5404049793525	5.95492388354464	139.562428318687	130.671942090636	4211.36243386243	27.5231734581912	940.925185318911	830.146217120325	0.539723942811681	26.9005801826167	14.7387570536154	3.79036685787234	76.2432652016874	2456.26068401161	2299.81326127897	484.400419200794	9.47239972786299	1341.87403388633
87.3362342105263	254.305555555556	5.1	0.543169312883785	0.474743023723306	17.635	1516.80555555556	127.808837614711	144.678130470315	4480.98148148148	2.73202161933347	2.504338177142	89.9133333333333	0.263280317444099	9.59591526437404	8.40608496496992	774.164167984091	885.094132088775	26724.9837962963	75.474054995356	2255.93340821104	2557.02383098759	1.37892723247508	48.2682757930053	44.3234951016688	4.66936801425502	468.941169799323	13663.1470263829	15641.1700587628	1336.11988208433	24.4511575045026	8299.84864059432
NA	407.407407407407	4.33333333333333	0.535418488189477	0.676258415432291	17.9377777777778	2027.40740740741	199.219654087569	392.319066077208	7408.74074074074	2.28668717903146	3.1737087901577	77.9466666666667	0.352675439363327	9.59849423609463	12.2405008738852	993.296418285839	1994.88588338042	36915.7160493827	196.356972704022	3626.1643012409	7169.31824044372	1.64119845253491	41.1111207034414	57.5906131278055	6.38233283133903	1000.55028535005	18103.5709343396	36487.8774299476	3591.55996402564	29.7813100653125	18317.412953534
NA	NA	NA	NA	NA	NA	NA	NA	NA	NA	NA	NA	NA	NA	NA	NA	NA	NA	NA	NA	NA	NA	NA	NA	NA	NA	NA	NA	NA	NA	NA	NA
NA	250.396825396825	4.28571428571429	0.466569408460231	0.446238313902747	19.4547619047619	1380.95238095238	93.1553325482823	171.511359766394	4856.27645502646	1.86883708609009	2.16035977723204	83.2309523809524	0.19019824388404	9.09075576023694	8.66684950388162	504.820538823434	944.397005338334	26773.5648148148	64.2120451538831	1807.7164453843	3329.15221031976	0.874494587818272	36.3477270773039	41.9135321903668	3.69862473367036	348.171679251343	9792.61711639222	18324.8044050806	1247.13172171555	16.9844622977053	6759.71937281354
NA	131.79012345679	4	0.652839426722421	0.270786345002275	19.2944444444444	584.876543209876	77.4383617327397	40.0845029301418	2539.24382716049	2.63720590898062	1.15057753912384	77.2185185185185	0.177108534208671	12.6033696287141	5.22702723391926	344.391430762444	198.013994707212	11275.3086419753	23.5011510840203	1491.86364052119	772.607108579004	0.755105255434688	50.9392360365227	22.2200091027707	3.42082471065468	116.312565065416	6638.64671520792	3818.67578789831	452.932024455933	14.5909997145692	2242.94056579705
NA	59.7222222222222	4.625	0.721577006387448	0.254756351942881	19.1645833333333	291.666666666667	38.3640866033759	17.5172616523334	1139.16666666667	3.33702306920335	1.19737805364323	88.6416666666667	0.184271661008194	13.8355175369268	4.88368134679697	187.179316021794	85.9883680090865	5563.19444444445	11.2873323683363	731.826345819671	334.183790271161	0.866173386395205	63.9897792606046	22.9553826864579	3.53439686989765	55.3687250581545	3570.48639449222	1640.39829253152	215.347642539623	16.615093828888	1056.34062013275
NA	NA	NA	NA	NA	NA	NA	NA	NA	NA	NA	NA	NA	NA	NA	NA	NA	NA	NA	NA	NA	NA	NA	NA	NA	NA	NA	NA	NA	NA	NA	NA
NA	NA	NA	NA	NA	NA	NA	NA	NA	NA	NA	NA	NA	NA	NA	NA	NA	NA	NA	NA	NA	NA	NA	NA	NA	NA	NA	NA	NA	NA	NA	NA
NA	427.777777777777	2.5	0.344013423367562	1.82374731210273	21.25	1116.66666666667	143.175890593679	765.742031956713	9087.12962962963	0.838934343935374	4.48304541908912	53.1083333333333	0.633834965864945	7.31169186085959	38.7597185729276	365.159029725266	1967.82725679712	23714.1666666666	258.912654112154	3042.00638823294	16268.4533672865	1.51985169020904	17.8251377873178	95.24703984397	13.4733087395936	649.520226541196	7756.03989961185	41794.6548102551	5501.74466046588	32.2970737882532	13797.6165045551
NA	664.583333333333	3.5	-0.0466631669352959	1.97884451009412	21.65	2499.30555555556	-16.850588059968	1332.9312665772	7818.05555555555	-0.0933263338705918	6.93532424063709	43.3	-0.081857281856236	-1.01025756414916	37.9787800224724	-33.7011761199359	4982.04016849022	15636.1111111111	-29.5595740036408	-364.815231498306	13714.5594525595	-0.163714563712472	-2.02051512829831	75.9575600449447	-1.77221015218751	-59.1191480072815	-729.630462996613	27429.1189051189	-639.964777178822	-3.54442030437502	-1279.92955435764
NA	NA	NA	NA	NA	NA	NA	NA	NA	NA	NA	NA	NA	NA	NA	NA	NA	NA	NA	NA	NA	NA	NA	NA	NA	NA	NA	NA	NA	NA	NA	NA
NA	NA	NA	NA	NA	NA	NA	NA	NA	NA	NA	NA	NA	NA	NA	NA	NA	NA	NA	NA	NA	NA	NA	NA	NA	NA	NA	NA	NA	NA	NA	NA
NA	NA	NA	NA	NA	NA	NA	NA	NA	NA	NA	NA	NA	NA	NA	NA	NA	NA	NA	NA	NA	NA	NA	NA	NA	NA	NA	NA	NA	NA	NA	NA
NA	NA	NA	NA	NA	NA	NA	NA	NA	NA	NA	NA	NA	NA	NA	NA	NA	NA	NA	NA	NA	NA	NA	NA	NA	NA	NA	NA	NA	NA	NA	NA
NA	45.8333333333334	4.6	0.868322398557539	0.573839441738761	21.75	251.388888888889	35.8909797628117	35.3524242817027	995.111111111111	3.82754192881491	2.78060104835623	99.9966666666667	0.479309662797557	18.8848897703558	12.4818187703647	182.046780154812	204.141997847303	5448.98148148149	26.5633365461992	780.208869431675	766.838993194544	2.20949973183247	83.2058589410618	60.4335922531897	10.4274026071126	143.231573924109	3949.74152060251	4421.72549772464	576.860523953059	48.033018425456	3104.91376489959
NA	0	6.33333333333333	0.853493671348132	0.241179626189734	21.5444444444444	0	0	0	0	5.38615052242656	1.51947498782441	136.411111111111	0.206018981806815	18.3891129514237	5.19641422332844	0	0	0	0	0	0	1.29318953705312	116.016398836542	32.7291998204184	4.43910920929763	0	0	0	0	27.8565884162403	0
NA	NA	NA	NA	NA	NA	NA	NA	NA	NA	NA	NA	NA	NA	NA	NA	NA	NA	NA	NA	NA	NA	NA	NA	NA	NA	NA	NA	NA	NA	NA	NA
NA	NA	NA	NA	NA	NA	NA	NA	NA	NA	NA	NA	NA	NA	NA	NA	NA	NA	NA	NA	NA	NA	NA	NA	NA	NA	NA	NA	NA	NA	NA	NA
NA	19.4444444444444	4	1.21868701470254	0.583492766670526	20.6041666666667	97.2222222222224	23.2976300582221	14.1113509340839	404.363425925925	4.78142388547056	2.75803777619216	82.7208333333332	0.698209203733956	25.1009603157686	12.0649213568465	116.488150291111	70.5567546704193	2021.81712962963	16.9133806366011	484.507293002676	293.473415600709	3.28187724800981	98.8709744615884	57.0882578238751	14.4353434991628	84.5669031830054	2422.53646501338	1467.36707800355	351.756640453717	67.9305914514167	1758.78320226858
NA	0	3	0.904806195578083	0.239975175536584	20.3	0	0	0	0	2.71441858673425	0.719925526609752	60.9	0.217131025610439	18.3675657702351	4.87149606339266	0	0	0	0	0	0	0.651393076831318	55.1026973107053	14.614488190178	4.40775981989192	0	0	0	0	13.2232794596757	0
NA	7.87037037037037	5.16666666666667	0.806200736629475	0.363806366142842	20.0166666666667	52.3148148148148	6.02681285667488	3.12812486470197	156.666666666667	4.13731825446701	1.895211699447	103.358333333334	0.292905579534413	16.1399990192709	7.27950938843313	39.8941098981937	20.721730800663	1041.2962962963	2.39797909851805	119.971802182805	62.2692705284403	1.51561854953622	82.7794905580639	37.8999070412068	5.8617112166146	15.8155510261638	794.083918648932	412.460371537547	47.735955771567	30.3134392182768	314.810323975948
NA	NA	NA	NA	NA	NA	NA	NA	NA	NA	NA	NA	NA	NA	NA	NA	NA	NA	NA	NA	NA	NA	NA	NA	NA	NA	NA	NA	NA	NA	NA	NA
NA	NA	NA	NA	NA	NA	NA	NA	NA	NA	NA	NA	NA	NA	NA	NA	NA	NA	NA	NA	NA	NA	NA	NA	NA	NA	NA	NA	NA	NA	NA	NA
NA	NA	NA	NA	NA	NA	NA	NA	NA	NA	NA	NA	NA	NA	NA	NA	NA	NA	NA	NA	NA	NA	NA	NA	NA	NA	NA	NA	NA	NA	NA	NA
56.2996230555556	111.695906432749	4.15789473684211	0.690097935171151	0.33506836079407	18.3885964912281	533.625730994152	86.9589432867074	45.0208149332555	2058.05068226121	2.96307047250956	1.46418055677646	76.4947368421053	0.281196141993004	12.7084038240891	6.17777641947756	415.662751686713	213.701791068203	9832.09064327486	39.4609275385088	1603.21238057435	830.575518289538	1.2449871427832	54.5824727252933	27.0005530705611	5.18910827271491	185.762666138856	7662.54859404799	3942.00868065079	728.316094919551	22.9759344868938	3428.07644231413
NA	107.592592592593	3.66666666666667	0.280171118433944	0.173246526210784	18.1238095238095	294.444444444444	24.539343489357	26.5639796851071	2025.34722222222	1.07998365187423	0.556036398521888	65.9702380952381	0.0442082085032203	5.0751647313169	3.14428297627721	69.0097963992431	66.4721503006117	5452.4537037037	5.98740185910984	445.668648163879	505.793176907397	0.149799509535478	19.5499788038616	9.90082089863647	0.802118489267278	15.2226823282761	1252.28491794227	1246.96504040057	108.923494861404	2.71455367954378	276.705390527387
NA	221.031746031746	1.85714285714286	0.306020382156429	0.262247580502276	18.1452380952381	492.063492063492	55.1244022893462	90.0271604597171	4021.05158730158	0.517153081101279	0.54081991805191	33.7333333333333	0.0680215702916459	5.55755794484089	4.7638255456201	128.664149250593	200.129832536406	8969.13359788359	22.4423173881817	1004.5686457723	1639.26883987098	0.142252594246503	9.40524596696604	9.84239654889133	1.23717639203065	52.9076910299415	2350.01647747856	3651.60995919178	409.391546669271	2.59316218493126	967.328030502068
NA	NA	NA	NA	NA	NA	NA	NA	NA	NA	NA	NA	NA	NA	NA	NA	NA	NA	NA	NA	NA	NA	NA	NA	NA	NA	NA	NA	NA	NA	NA	NA
NA	NA	NA	NA	NA	NA	NA	NA	NA	NA	NA	NA	NA	NA	NA	NA	NA	NA	NA	NA	NA	NA	NA	NA	NA	NA	NA	NA	NA	NA	NA	NA
NA	NA	NA	NA	NA	NA	NA	NA	NA	NA	NA	NA	NA	NA	NA	NA	NA	NA	NA	NA	NA	NA	NA	NA	NA	NA	NA	NA	NA	NA	NA	NA
NA	NA	NA	NA	NA	NA	NA	NA	NA	NA	NA	NA	NA	NA	NA	NA	NA	NA	NA	NA	NA	NA	NA	NA	NA	NA	NA	NA	NA	NA	NA	NA
NA	630.555555555556	2.5	0.567609924601889	0.484467139370837	18.0333333333333	1763.88888888889	332.360957169432	333.974226109784	10771.2407407407	1.21950957144023	1.23348741812305	39.7266666666667	0.281211201288007	10.2412156407807	8.92681380743846	803.468475762555	912.731041993575	26567.2777777778	186.433673000649	6034.07321835282	5982.04767408552	0.628354647697401	22.0364268996468	20.3894781161263	5.1029226798813	448.26456013985	14580.664165062	14657.7888418551	3400.83948851059	11.4079796483066	8167.10690058473
NA	295.37037037037	4.91666666666667	0.429490982357282	0.532517930468076	18.8541666666667	1535.41666666667	133.921935157735	234.786563345604	5563.89660493827	2.10997946933588	2.70613737153068	92.6388888888888	0.24571342223742	8.09463452240322	10.0291464522452	693.361924815923	1221.92144335511	28885.5478395062	108.344745328411	2525.20015056523	4425.51521149448	1.24206883378781	39.7419719415424	50.912923094779	4.6309062860425	560.943044665531	13056.0019173195	23002.1607922372	2044.27254526443	23.3841161619988	10569.3851931891
NA	356.349206349206	3.14285714285714	0.64692317043399	0.648504623716519	19.4611111111111	1435.11904761905	209.050836668089	297.983500956602	6093.27932098765	1.95856216874059	2.39543967079907	58.6152777777778	0.387855930995546	12.5776007007361	11.6620941344484	834.103609870111	1261.90798544893	24269.3595679012	164.443940709862	4059.17073566108	4816.53244378277	1.40400554902861	38.2418164080029	41.7846461901356	7.57385546574979	693.353650385782	16229.5341176243	20273.7427804529	3199.7056719202	27.4640952282768	13507.5567549565
69.41955625	149.122807017544	6.42105263157895	0.359430831811569	0.358956438123139	19.2280701754386	970.3216374269	45.8247567232905	58.0075535224132	2869.11062378168	2.34973640692346	2.3474955637471	123.441228070175	0.135996487451817	6.91139871399301	6.90370262668153	300.742907714516	379.38202909587	18664.1179337232	18.6567389655863	881.958308790724	1117.23742561014	0.905254940915492	45.1753266261958	45.1390297983241	2.61552990710247	122.996979727935	5787.00399572721	7304.96000901277	359.505048743482	17.4069235531932	2369.52507778579
NA	2.22222222222222	2.6	0.781271086261031	0.295183270334037	19.52	4.44444444444444	1.87587351795344	1.00622815792301	43.5555555555556	1.80880970673067	0.724709990657907	50.56	0.23583114099668	15.2800776194884	5.76767963854847	3.75174703590688	2.01245631584602	87.111111111111	0.849400539510086	36.7671209518876	19.722071895291	0.526802998936814	35.288491895782	14.1147535169017	4.61493826794246	1.69880107902017	73.534241903775	39.444143790582	16.6482505743977	10.2885783011993	33.2965011487954
76.8256357142857	227.146464646465	4.86363636363636	0.51886291919631	0.526319183011747	19.7954545454546	1378.0303030303	77.3577304649016	147.079882210513	4507.16750841751	2.43639930915968	2.70714844636237	95.9742424242424	0.263473961740116	10.2373424047787	10.4177743036024	474.600853761743	891.813537815596	27309.4212962963	48.9778204808477	1531.09305813357	2923.37334206678	1.29718346418756	47.9199326605514	53.472220145517	5.19519158202147	300.265297474764	9379.67730303528	17704.2718771122	971.21330186432	25.5247875289594	5945.43614563374
NA	350.198412698413	2.64285714285714	0.449898076820684	0.632687597427351	20.1166666666667	1010.71428571429	143.718430422615	413.761047431136	7074.92724867725	1.14931496694751	1.75946074836331	53.175	0.265428785613891	9.05212548084299	12.775702059901	417.597638987078	1148.92834480842	20416.5674603174	174.496611466829	2905.67606374712	8366.29962691143	0.739996507586078	23.1316955873237	35.5292305968192	5.36230145332098	493.08468044931	8442.3844774144	23231.8726586423	3529.96911091089	14.9518385719378	9975.29357473446
NA	544.444444444444	5.5	0.298766762814236	2.0931534706249	21.3	2886.11111111111	165.144441689554	1198.74228265642	11596.6666666666	1.59165680144084	10.2841243857158	117.15	0.653510238419478	6.36373204794323	44.5841689243103	847.856259900613	5697.62686825558	61474.1666666666	378.664372585154	3517.5766079875	25533.2106205817	3.11943126897421	33.90228987069	219.051849415747	13.9197680783349	1753.31402811942	18059.338335883	121359.452293844	8065.55113606376	66.4438860291505	37345.5887989436
NA	580.555555555556	2	0.30461106180346	0.906400032368766	22.7	1161.11111111111	176.843644213676	526.215574347423	13178.6111111111	0.60922212360692	1.81280006473753	45.4	0.27609947627854	6.91467110293854	20.575280734771	353.687288427351	1052.43114869485	26357.2222222222	160.291084839486	4014.35072365043	11945.0935376865	0.552198952557081	13.8293422058771	41.150561469542	6.26745811152287	320.582169678972	8028.70144730087	23890.187075373	3638.60762585633	12.5349162230457	7277.21525171267
NA	0	2	0.682355283206075	0.770164041282337	23.4	0	0	0	0	1.36471056641215	1.54032808256467	46.8	0.525525502504344	15.9671136270222	18.0218385660067	0	0	0	0	0	0	1.05105100500869	31.9342272540443	36.0436771320134	12.2972967586017	0	0	0	0	24.5945935172033	0
NA	8.33333333333333	5	0.677173739517908	0.409769752350971	23.1333333333334	41.6666666666667	5.64311449598256	3.41474793625809	192.777777777778	3.38586869758954	2.04884876175486	115.666666666667	0.277485315540834	15.6652858408477	9.47934027105249	28.2155724799128	17.0737396812905	963.888888888891	2.31237762950695	130.54404867373	78.9945022587707	1.38742657770417	78.3264292042383	47.3967013552625	6.41916029951131	11.5618881475348	652.720243368652	394.972511293854	53.4930024959276	32.0958014975566	267.465012479638
NA	269.444444444444	5.33333333333333	0.887377876993853	0.581581956834684	23.0666666666667	1347.22222222222	149.519538078289	261.883294084055	6224.16666666667	4.78193538484976	3.02995716756888	123.033333333333	0.451443565086096	20.4626930332893	13.420987678826	747.597690391443	1309.41647042027	31120.8333333333	145.323720600749	3453.90132960847	6049.50409334167	2.38355370973994	110.284027763686	69.9242329505655	10.4138137776504	726.618603003747	17269.5066480424	30247.5204667083	3356.9779458773	54.9874278158006	16784.8897293866
NA	271.944444444444	4.5	0.944383561397711	0.494107628727646	22.715	1153.33333333333	237.898881266696	173.172893713055	6187.38888888889	4.28037794335078	2.19549945199396	102.231666666667	0.459663413981154	21.456603717751	11.2370979981213	1007.7087291109	738.431821977769	26242.7731481481	151.346606293377	5412.58306236294	3946.07311490994	2.05548416764375	97.2661701910551	49.9348634568608	10.4554063075644	644.478110820119	22928.4427400316	16826.2856776615	3448.60501257595	46.7585256954871	14684.9441154434
NA	387.5	3.5	1.23490681238856	1.21295706890506	23.15	1937.5	504.510707226798	791.997010430065	8934.96527777775	4.42802891293213	5.50362726878439	80.8874999999999	1.56527038154162	28.5823372519106	28.0067397921146	2522.553536134	3959.98505215033	44674.8263888888	1036.9880981753	11633.258546503	18262.4426253986	7.17106153596532	102.318876538189	126.982724023914	36.1378012455839	5184.9404908765	58166.292732515	91312.2131269932	23912.1631465445	165.448387138655	119560.815732722
252.651947368421	132.060185185185	7.04166666666667	1.06034970770924	0.488006102503507	22.4694444444444	1094.79166666667	133.889604535932	68.8231745104457	2969.36921296296	7.4105826404449	3.46936069986021	157.975694444444	0.529472597013082	23.8332557789418	10.9564266516869	1111.51010358764	587.583917227777	24623.1346450618	70.9119176772234	3011.3462706683	1548.29927677113	3.7357200447465	166.287414328754	77.7661319903754	11.8896162923311	605.361103105458	25005.5991107927	13222.9538287134	1595.55723800213	83.742755385556	13625.0326799466
115.877752777778	159.861111111111	6.4	0.75732234938223	0.361279562005803	21.3833333333333	1033.33333333333	116.457695123229	82.6507502293531	3592.77290448343	4.8707418383241	2.30428130220969	137.320175438596	0.28349295182843	16.2057714721084	7.96116909501341	755.607545949219	539.898636388909	23227.3781676413	61.2313153667977	2486.8777643541	1858.74269585046	1.81359909930087	104.240728583536	50.8510586147456	6.06956545842769	401.292681175564	16137.877156345	12143.8602318975	1308.31063488824	38.8349475391446	8575.55183960218
NA	27.7777777777778	4.66666666666667	0.640446531806395	0.195714135399443	21.0259259259259	92.5925925925926	15.9621215820648	5.44175230476777	580.679012345679	3.03435601254026	0.903325626633924	98.2074074074074	0.126855185407925	13.4716045753973	4.11680318394589	53.0407961045597	16.8415498536061	1935.8024691358	3.13437765412001	333.683183360813	113.747418484288	0.596220204139475	63.8815285823657	19.0214444194533	2.66959721410888	9.65911361618613	1108.9268500636	352.062368513573	65.5174622251413	12.5599320734256	201.920320848456
NA	NA	NA	NA	NA	NA	NA	NA	NA	NA	NA	NA	NA	NA	NA	NA	NA	NA	NA	NA	NA	NA	NA	NA	NA	NA	NA	NA	NA	NA	NA	NA
NA	440.972222222222	3	0.739470027233805	0.643317093706991	20.68125	1377.77777777778	367.019182474463	371.652620229335	9180.74652777777	2.22571760455277	1.96668170550256	62.06875	0.54002538474258	15.3365658121774	13.394445499084	1136.71939064073	1142.00067562048	28673.1423611111	331.086550200485	7655.2473345869	7764.15312254933	1.64510821041689	46.1749201189111	40.9444490264181	11.2664165450355	1010.76834701793	23700.824765227	23849.6778098568	6924.36235744936	34.3175336802156	21133.8463867601
NA	212.393162393162	6	0.659286157075242	0.547638968828575	21.024358974359	1347.00854700855	124.234742748061	139.205415797549	4456.67022792023	4.03285837364639	3.4183302643423	126.319230769231	0.372487122251733	13.886847093707	11.5291986146027	804.800706767915	914.539767128927	28297.7777777778	87.2681316973697	2614.69886439344	2927.49384060387	2.36426318448618	85.0473732862117	72.0443409833455	7.85562295489708	583.130403789495	16956.9817840748	19248.8836776164	1840.28097745553	49.9070505367954	12305.2863113988
137.70826	201.666666666667	5.8	0.790905825033729	0.600492455182256	20.8933333333333	1294.16666666667	167.868659138084	183.252992451141	4221.91435185185	4.58751315054742	3.5748716491954	121.176666666667	0.506272533902403	16.5455512506293	12.5774531093561	1082.89578155628	1183.22620766997	27094.5601851852	156.825016282994	3517.57561990234	3839.84916822851	3.02222178248352	95.9712883375745	74.8788953359211	10.6124030862663	1017.92279619243	22691.5229737793	24793.8592804442	3287.7634925412	63.3536402585178	21340.2998650856
153.2670125	212.830687830688	6.47619047619048	0.728558914889535	0.497740670568006	20.7341666666667	1650.92592592593	164.770093329958	158.740583439352	4470.85185185185	4.8047269114704	3.43101661654636	135.829166666667	0.38718437585883	15.1162349508428	10.5293704105293	1308.62646966657	1268.71092330527	35121.1203703704	129.529206094573	3417.58514824572	3407.79640402227	2.71185304982562	99.7017102256416	73.1881452510245	8.04431126425801	1048.19497292421	27137.2964733028	27380.0450503613	2688.47295881075	56.3366652804822	21749.42659961
NA	94.4444444444445	5.5	0.723502270262046	0.385975322193019	20.6333333333334	566.666666666667	70.7605671705415	80.247121910274	1929.81481481482	3.7029805264603	2.28829472912607	113.266666666667	0.274319904084774	14.9403719120861	7.93978445264408	424.563403023248	481.482731461645	11578.8888888889	60.1235138136132	1445.8742558514	1639.71619103327	1.57416217724264	76.2579918788025	47.0361474678974	5.64404562941642	360.741082881678	8675.24553510842	9838.29714619963	1228.52379892483	32.3487639458161	7371.142793549
NA	75.0000000000001	6.42857142857143	0.275630364209135	0.266341428087033	20.4595238095238	626.587301587302	12.2275099013136	12.6207884421189	1530.59523809524	1.5045805433547	1.49911146696389	131.447619047619	0.0899045048068285	5.64317593732586	5.45324995985769	101.610071497857	105.448500882409	12787.0634920635	2.0433902864667	249.518811693353	257.567855655671	0.431913353983932	30.7839298607774	30.6753671712313	1.84184214603997	16.9885788532819	2073.46218489613	2151.96332878825	41.6984735870274	8.84428302607575	346.672652010636
307.095277272727	212.037037037037	11.7916666666667	0.709220617623115	0.644400029104598	20.2902777777778	2993.98148148148	174.661119544956	183.961457826931	4315.16203703704	8.85917370287727	8.2682009230036	239.193055555556	0.499145143508696	14.3841265018274	13.0795280607638	2498.77631403004	2663.59065377253	60942.3032407408	157.855635350857	3555.60758114457	3746.15188851412	6.67172254897936	179.687629179128	167.840618687076	10.1312656071833	2305.02802286096	50877.0523803538	54248.8319817817	3215.25368735003	135.456891576111	46955.7465353491
187.013958333333	196.180555555556	7.875	0.721397514921741	0.585247292049286	19.5246376811594	1581.36574074074	135.690498027733	140.822818365039	3734.2270531401	5.72426841785065	4.66236450583783	154.563768115942	0.419432613761776	14.0874794117609	11.301618936281	1106.11353303921	1147.89410786195	30372.4516908213	97.9302965903663	2644.16193239088	2677.54313111623	3.37183893734782	111.829471527501	90.6638861362278	8.19126001684231	807.35993308349	21555.9310750987	22041.5666530009	1909.04438358312	65.8697270563264	15739.4523076386
NA	157.051282051282	5.15384615384615	0.577990728619563	0.311568981326123	19.1153846153846	724.358974358973	88.4773405581792	61.4528122990728	3000.22792022792	2.98644982146137	1.5856108247299	98.5230769230769	0.182455424764943	11.0522532990915	5.95734001622819	403.628590645945	279.159056900225	13834.8717948718	35.1063264664046	1690.66675467778	1174.02052023552	0.930884043826068	57.1107247201349	30.3199958272385	3.48987279057235	157.801135787329	7711.11398798783	5332.11790757109	670.84649247051	17.8071041492654	3014.84208066486
NA	193.518518518518	4.83333333333333	0.847474411434729	0.376704861507851	18.8333333333333	1053.24074074074	164.756065589295	97.2115769049468	3640.37037037037	4.07914345236545	1.83870962305884	90.9333333333333	0.321878762050213	15.9604574143824	7.09902068611957	896.013213786138	517.170026839765	19803.4722222222	84.0536170834329	3099.44306246974	1831.07637504049	1.56624970167219	76.7410252884026	34.6179471135065	6.06595077233993	446.502052911199	16847.9702775504	9737.17893649354	1583.36656937807	29.4886558358263	8407.40803902882
116.846065	187.31884057971	5.91304347826087	0.631744227882495	0.395354768924434	18.4485507246377	1177.4154589372	105.557596356004	94.7043885406442	3454.14653784219	3.64885138115582	2.36172855847838	109.086956521739	0.259268456688231	11.6541300144124	7.30329550182879	665.16341383651	596.640494440126	21713.0354267311	55.9172464908129	1947.28224534164	1748.74233703798	1.53638263172549	67.3161785543181	43.6350676973473	4.78940545578658	353.486502908846	12271.3904393328	11018.0831268664	1033.10476976174	28.3877079940342	6531.39832797817
NA	25.9259259259259	7.55555555555556	0.304667752657217	0.116254970176413	18.3261904761905	125.308641975309	2.51589373811967	3.35479709051523	246.904761904761	2.54694642736206	0.868094429320238	146.65	0.0326288247879424	5.58622067016832	1.94166106551442	15.3033453789294	15.5931666363314	1495.95238095238	0.252668863095466	46.0408554075898	24.8726427744986	0.274455451235309	46.7123969457865	15.6374642525595	0.598305875470726	1.53613751936038	280.051220434408	150.64117420833	4.62384019464704	5.0340917922272	28.111316604295
NA	237.037037037037	5.66666666666667	NA	0.539543942246865	NA	1348.14814814815	NA	163.367140498837	NA	NA	3.04596497974752	NA	NA	NA	NA	NA	962.957853057595	NA	NA	NA	NA	NA	NA	NA	NA	NA	NA	NA	NA	NA	NA
NA	156.944444444444	6.66666666666667	NA	0.302499542506253	NA	1040.85648148148	NA	63.9684597620942	NA	NA	1.8981304443271	NA	NA	NA	NA	NA	406.675106697726	NA	NA	NA	NA	NA	NA	NA	NA	NA	NA	NA	NA	NA	NA
86.68585	127.662037037037	5.70833333333333	NA	0.34929751150564	NA	796.412037037036	NA	69.9006032829734	NA	NA	2.08110961364045	NA	NA	NA	NA	NA	440.446822898123	NA	NA	NA	NA	NA	NA	NA	NA	NA	NA	NA	NA	NA	NA
130.327980434783	248.792270531401	6.82608695652174	0.613131218984395	0.527072560967463	18.3449275362319	1877.53623188406	163.025058186609	192.456774377386	4566.14331723027	4.22195778850671	3.76709744237219	125.252898550725	0.335853094508877	11.2505047930739	9.67815224741583	1235.46624390909	1470.80730566212	34462.5684380032	127.83883366912	2992.90580635075	3535.18657466536	2.41820235731637	77.4868829169272	69.1850620654639	6.16860268114222	979.497281961107	22682.2704298535	27016.3539402025	2348.60348491703	44.4218428541454	17993.6941853698
NA	103.333333333333	4.6	0.556304039554549	0.291993367013157	18.1266666666667	444.444444444443	51.3659812672423	38.3743620645378	1867.58796296296	2.56130618509732	1.34948467179996	83.4216666666667	0.162725435608328	10.0884699700456	5.29374439025375	213.187354262692	163.681937025124	8030.99999999998	19.301577776508	928.523736198638	693.755385303071	0.751497702435841	46.4737478748906	24.4775509925159	2.95156142725316	79.1736450573062	3852.82615560003	2958.4142282273	348.999889766412	13.6387422418174	1431.19982885141
NA	320.833333333333	3.625	0.665648844145595	0.524154361737564	18.35	1519.44444444444	204.639585396577	238.761467960153	6282.12037037037	2.36904191442943	2.2426352468011	68.5399999999999	0.369550621019469	12.2240443626081	10.1466724575834	975.839190939832	1163.66150814321	29784.4567901234	163.719356214748	3766.98408275099	4690.4565034556	1.55282466567159	43.5263432486668	43.7406627766492	6.81262312965797	797.109315920524	17961.1792673983	22859.1645027895	3019.17786065586	28.6121397241783	14692.3713213
90.8368529411765	328.59477124183	4.47058823529412	0.801661878391768	0.820176859354514	18.74375	1740.03267973856	221.120016308268	329.987400693527	5868.61111111112	3.4531332166731	3.86965055706944	83.1114583333333	0.631963411950748	15.0676664868109	14.9510948561232	1180.6946112267	1770.12884757732	31292.8298611111	220.790523113426	4140.29951783784	5779.6173823977	2.89175542455723	64.8496381705148	70.1127354083494	11.8905410206448	1199.15090759548	22122.6474191089	31309.7929564279	4142.46161016846	54.3798902796224	22511.961081748
NA	290.740740740741	3.06666666666667	0.531951185458229	0.539609160881019	18.9333333333333	893.148148148149	148.945412101398	252.512785837099	5591.58024691358	1.6704178029309	1.69009444816703	58.1633333333333	0.300034037681238	10.0938756844787	10.3451726326415	477.064045733788	806.258419724436	17250.4969135803	140.31468364697	2879.17409797165	4887.87724762399	0.964682391670531	31.7507401038523	32.4951788411709	5.77062136149869	461.88588027303	9255.85165539201	15665.4255513073	2727.21391364556	18.5986112196092	9003.10213032355
NA	NA	NA	NA	NA	NA	NA	NA	NA	NA	NA	NA	NA	NA	NA	NA	NA	NA	NA	NA	NA	NA	NA	NA	NA	NA	NA	NA	NA	NA	NA	NA
NA	NA	NA	NA	NA	NA	NA	NA	NA	NA	NA	NA	NA	NA	NA	NA	NA	NA	NA	NA	NA	NA	NA	NA	NA	NA	NA	NA	NA	NA	NA	NA
NA	NA	NA	NA	NA	NA	NA	NA	NA	NA	NA	NA	NA	NA	NA	NA	NA	NA	NA	NA	NA	NA	NA	NA	NA	NA	NA	NA	NA	NA	NA	NA
NA	0	4	0.378126874292641	0.867946254368583	21.1666666666667	0	0	0	0	1.77553954010399	3.53960124928824	84.7666666666667	0.332653264717913	8.01026130693422	18.373224456597	0	0	0	0	0	0	1.58455387507673	37.6463694905902	75.015136025219	7.04750929026759	0	0	0	0	33.5983830972163	0
NA	189.74358974359	3.38461538461538	0.434383007991838	0.537056447274365	21.6487179487179	707.264957264957	63.8990112136621	153.444963087531	4109.28418803418	1.50810760349774	1.82174764727618	73.3948717948717	0.222350049950946	9.42517137359566	11.6429496376811	231.521475615124	569.932747594723	15349.2307692307	54.0489551481093	1387.13503663185	3328.67234244746	0.763890978188506	32.7667511858997	39.5766484257639	4.83167909052784	196.188201213015	5039.44440482159	12391.0756152253	1175.2128211249	16.6318967966792	4278.07221604776
NA	142.460317460317	5	0.758239637567569	0.426786185874648	21.2948717948718	821.031746031745	112.607917182585	98.987620242856	3250.96153846154	3.81205431724466	2.22789138714923	109.694871794872	0.330883596026771	16.1469687571082	9.3302472509108	647.692110210646	571.038299245338	18735.6837606838	79.3845757538772	2386.61891282061	2261.03422615831	1.73208706836604	81.1327335239527	49.6707736578711	7.03860084143408	457.338469373467	13727.0591477644	13043.6679021451	1684.06357604802	36.8255542995566	9702.23897111243
93.0731452380952	235.714285714286	4.76190476190476	0.884776152532096	0.560077976798609	21.0008333333333	1369.97354497354	183.100609575486	190.928485474384	4472.96296296296	4.07819494213797	2.87448149765993	98.615	0.481113837948221	18.5961859813853	11.1891348717349	1052.55832252428	1114.52232629188	25857.7175925926	144.078070635749	3842.40619922044	3409.28981150447	2.39490350063721	85.6423387200559	56.3753157937619	10.1206396386211	830.438072017956	22083.7015039864	19767.3008020456	3027.75803036928	50.3515582588212	17447.791127303
NA	486.111111111111	3.375	0.997982495013881	1.3933872941001	21.3416666666667	1796.52777777778	519.671789304144	751.344271916855	10328.8773148148	3.47395563886948	4.90807774983439	71.9583333333334	1.43887419918804	21.2590809452759	29.7013329420316	1940.79413082658	2788.27629012579	38148.0787037037	810.773240206585	11023.7986901695	15951.9476407315	5.1756869065112	73.9254083167458	104.528533765201	30.6127041098871	3038.45380137946	41143.3676777374	59160.7601305576	17185.6128893612	110.014713665921	64363.5276209531
