"LE"	"Kin"	"u"	"De"	"VPD"	"Twater"	"Kin_u"	"Kin_De"	"Kin_VPD"	"Kin_Twater"	"u_De"	"u_VPD"	"u_Twater"	"De_VPD"	"De_Twater"	"VPD_Twater"	"Kin_u_De"	"Kin_u_VPD"	"Kin_u_Twater"	"Kin_De_VPD"	"Kin_De_Twater"	"Kin_VPD_Twater"	"u_De_VPD"	"u_De_Twater"	"u_VPD_Twater"	"De_VPD_Twater"	"Kin_u_De_VPD"	"Kin_u_De_Twater"	"Kin_u_VPD_Twater"	"Kin_De_VPD_Twater"	"u_De_VPD_Twater"	"Kin_u_De_VPD_Twater"
NA	115.277777777778	5.71546	NA	0.726155	NA	657.260902777778	NA	84.7387680555556	NA	NA	4.14952367174	NA	NA	NA	NA	NA	483.065203194931	NA	NA	NA	NA	NA	NA	NA	NA	NA	NA	NA	NA	NA	NA
NA	195.267489711934	4.62320222222222	0.416649011857587	0.751684111111111	10.3663636363636	1022.91919444444	26.2158900241974	144.019735493827	669.833333333333	2.19616759410778	3.54163376681111	56.6451001363636	0.33039098786297	4.3039411086569	8.28956118363636	183.633808563371	762.516981956859	4665.81377699495	21.505317883752	283.511419837172	549.122663265152	1.77504673567571	23.1536279471348	45.9437436450274	3.42540697873087	150.705512842538	1989.55242753374	3826.84063489144	232.622040437245	18.7484936282828	1633.14742407868
NA	35.6481481481482	7.30318833333333	0.176452784635922	0.49112175	10.172	268.749537037037	8.91118547710556	17.2804678240741	462.666666666667	1.30967047056795	3.59669669655167	76.51624016	0.0860218851638743	1.99658850306751	4.975903186	66.4690637539767	130.421240768773	3497.74171822222	4.33359239048999	97.6377656787312	224.217634411111	0.640790232570448	14.8431193160519	37.5404947889229	0.97401746806015	32.3815782696755	728.454495310779	1696.98206665817	47.4840480432485	7.26682757992414	354.891002827814
NA	324.131944444444	7.31839125	0.257575586331785	0.50031546875	11.1511111111111	2082.05791493056	106.063906710582	177.319116666667	3967.8950617284	1.94007475753795	3.51242206930969	84.6858293611111	0.125066670762144	2.98518466381066	5.39860601666667	751.062156627566	1108.91275164856	27777.0081254321	52.9558775137262	1318.39575234006	2002.18080282407	0.927188727553321	22.2857705648693	40.2588914695151	1.45524085839691	368.214764075953	9300.44257681136	13704.0954072198	658.898233847951	10.6908254847948	4566.49129639952
NA	684.444444444444	2.921042	0.524678222023103	0.713458	15.8833333333333	2005.76144444444	345.139506429993	488.924949444444	10470.9074074074	1.48487176181259	2.084307792266	44.9835243	0.364830850410529	8.33369067974595	11.0436858133333	979.512607198594	1432.87990891667	29737.2793453704	239.916071258093	5481.8256505301	7278.2165007037	1.03239215048798	23.5846725890313	31.2739888881985	5.79477090097236	680.822686338515	15557.4147031813	20668.1450009024	3810.57252625502	16.3978144877289	10813.3872642554
NA	4.16666666666667	3.5434525	0.582652695730797	0.9450175	14.2066666666667	6.22704166666667	0	4.12775	0	2.46526767932436	3.30819045337375	60.0556541833333	0.541774036934211	8.27898028368679	13.2087962883333	0	6.14732446333333	0	0	0	0	2.28609485321693	35.0365371075653	55.6865547372482	7.69775528532479	0	0	0	0	32.4886260484037	0
NA	257.246376811594	6.66734826086956	0.50417261180567	1.01525969565217	14.50625	1513.650397343	43.9660859741576	264.466369565217	1167.71875	3.67898009615112	6.73157765143652	104.99357048125	0.508653105112485	7.32362391742115	14.645465226875	358.58462735878	1541.63197871159	9511.92833704861	44.0301561117411	654.535231702078	1169.02557821701	3.70029874749864	53.5518388559608	105.651199596197	7.38745844563876	359.186863697732	5336.54822348563	9524.62309594199	655.532895045281	53.8557960894148	5345.88947570086
NA	58.641975308642	5.16013666666667	0.309181459324328	0.912602111111111	14.0355555555556	340.002447530864	22.9585267194834	51.9463972222222	846.055555555556	1.7146469955624	4.70907569988556	73.1524395444444	0.284360024709637	4.72419334639661	12.8274114966667	133.205087816559	301.214735637127	4905.47445040123	20.4378862753004	332.351454421682	750.044388756173	1.57521211857954	25.9383682127777	66.8449803561598	4.34335233812917	118.589677065512	1928.34332143066	4349.24632808141	296.11439828711	23.8280968791451	1718.21580745385
NA	1.19047619047619	3.27347714285714	0.571811703972122	0.821831142857143	14.41	0.641559523809524	4.76509753310102	0.942284523809524	120.083333333333	0.308155045387616	2.71120353236286	7.7656931	0.45259982811631	8.23980665423828	11.40578879	2.56795871156347	0.50780655272619	64.7141091666667	3.77166523430258	68.6650554519857	95.0482399166667	0.243910573370161	4.44051420403555	6.1466936368189	6.52196352315603	2.03258811141801	37.0042850336296	51.2224469734908	54.3496960263002	3.51475136226401	29.2895946855335
51.2300083333333	204.706790123457	9.1347325	0.143328306165919	0.851436583333333	11.075	1890.95673996914	0	188.399074691358	0	0.953704303375764	7.87944758722583	80.4404100999999	0.120183987761085	1.84148803696971	8.97688667999999	0	1751.40848513589	0	0	0	0	0.799462179963304	12.3083443347897	65.0044678203895	1.54172503443984	0	0	0	0	10.2984681178543	0
NA	501.282051282051	8.60718076923077	0.817813225436021	0.735714923076923	16.86	4352.18186111111	461.155791009756	373.437142307692	9507.16666666667	6.93724581629732	6.33843247225462	143.0182377	0.628055671378506	13.7883309808513	12.94796577	3911.83583530099	3240.42466959142	80646.3951475	354.153614693991	7775.08663642449	7301.21403141667	5.32748010905182	116.961964462773	109.831302936841	10.5890186194416	3004.10683927089	65953.5521831747	61932.651378274	5971.02994374068	89.8213146386136	50649.2413101071
NA	408.547008547009	6.15754538461538	1.03970571653761	0.941468	17.212	2003.10108760684	745.359177150052	401.23397724359	12086.5388888889	5.57505452271905	5.75258627849962	93.89014907	1.03491048748363	17.9451043787034	17.233494111	3720.6437889627	2022.22527343604	61153.4045484445	720.761009732451	12918.4340776364	11735.6582631889	5.73535484764809	96.0104937171067	97.1569198928753	17.8709364768189	3716.29164407669	64434.9530924376	61386.5679547434	12508.4846190242	98.7824909580875	64416.5367681385
72.8552375	250.631313131313	9.47005954545454	NA	0.527554954545455	NA	2337.43655871212	NA	136.490812373737	NA	NA	4.94715334455068	NA	NA	NA	NA	NA	1264.59997600243	NA	NA	NA	NA	NA	NA	NA	NA	NA	NA	NA	NA	NA	NA
76.3325625	291.550925925926	7.282318125	0.19697685236139	0.653974666666667	14.0583333333333	2077.48214583333	3.88860666963282	216.971306655093	852.319444444445	1.53285518288454	4.75273366319562	98.775233875	0.13910221615318	3.50905024625468	9.39253195666667	21.6759504505692	1565.30734214211	5025.99918777778	2.06330480646374	68.1596000601514	552.143472233796	1.08124106946299	26.997759315593	66.1030195926213	2.47754268077405	11.3126203494718	392.114896463171	3264.00960858534	39.5206946382354	19.0295228211538	226.796122194378
NA	135.802469135802	7.13989944444444	0.3223407031092	0.531565888888889	15.5816666666667	743.467021604938	50.172862206617	75.3804924382716	1951.93981481481	2.26551113128865	3.77753216833278	112.537351991667	0.166677909083317	5.19411098134328	8.1305052475	307.152830131566	406.315825562514	11944.76746375	25.9308546752648	856.470368183452	1011.49508703935	1.17181002147507	36.218997715199	58.8162176488556	2.67996368478375	157.768516861675	5242.92896020341	6151.08223451234	442.459069753976	18.6849032904655	2691.903806149
NA	172.222222222222	5.75601923076923	0.451752595844868	1.221766	18.8625	1047.33405769231	143.031387587032	246.82441025641	6832.15972222222	2.70695787226296	7.08120704272	111.674850625	0.690840881967438	8.5515090548439	27.44397615	853.963649135683	1506.81839723457	40535.6385470139	213.711973817848	2701.55394643234	9777.51355305556	4.16027803739675	51.2369960344794	163.217615109106	13.0824394607045	1281.94600913042	16126.3287101703	58221.5866248696	4038.36725760637	78.777789751791	24220.1804759059
136.259408108108	193.589743589744	5.90023538461538	0.9706910545251	0.916015743589744	17.9725	1255.27559116809	183.37617566256	189.391313319088	3188.82638888889	4.96839747473033	5.37927497059333	90.86286631875	0.975126797835789	17.4954451476254	17.9469335925	1182.61233248838	1232.85951985505	20525.2744032986	198.990810191297	3419.73751833199	3458.41683455729	5.07934885534984	90.1644711439742	92.3688788300643	17.6170869836457	1285.35781729435	22090.1411132975	22296.5871786815	3712.4103569378	92.3919401845247	24017.9574426215
NA	246.111111111111	4.5168408	0.705169388811686	0.96887528	15.9116666666667	706.459317777778	42.5763041977101	302.807137111111	843.458333333333	3.70700342451099	4.0232465378948	83.489523725	0.641818211724507	11.4540181128457	14.4059147283333	204.863681853289	787.546912488485	4065.28107747685	39.6983386125169	754.462296864633	786.474014805556	3.37822904918056	60.0712242042214	75.7345314355347	10.4492462684269	191.02329311771	3622.11327828539	3790.79858217347	703.416935680117	54.8554581323266	3377.13317253425
NA	111.206896551724	7.08829827586207	0.335345267769929	0.541631862068966	17.6675	575.116635057471	0.966816333482288	64.6277727969349	37.5208333333333	3.34514276203414	3.76290502730793	181.4992542875	0.163049724182136	5.96600487269822	8.66963586375	8.14027779202309	336.245776364252	316.680148229167	0.461377079727555	17.412362166016	17.8940418645833	1.63005939187914	59.4389490384538	89.2999332805466	2.89975529117797	3.87833939119466	146.606403034336	150.782852108782	8.30940120589327	28.9539193777478	69.8488924354158
NA	360.069444444444	5.90475166666667	0.997433426365585	0.880901208333333	17.446	2267.63785300926	163.334148655012	320.664022106482	2918.21666666667	3.44885446895562	4.69489584083542	60.63130917	1.04307449796036	17.4072365035053	18.23310757	701.844866641092	1983.53991748186	12511.3630363056	167.844053890516	2910.54913237392	2998.87751769445	3.59037781669021	60.5111532906215	63.085468786122	18.1960788795684	719.26463413085	12548.3996080313	12822.7970252185	2990.02812864028	62.964228920137	12856.6939210586
NA	26.8518518518519	11.1405933333333	0.694220581773814	0.697004416666667	17.54	256.4339375	1.4703709298584	16.5491030092593	40.5	8.50071957869915	7.86100936838083	214.597409	0.514665836683924	12.1965536194744	13.0071175242857	18.1268817306458	162.209118864458	497.896875	1.11519786582011	25.0110095168914	30.72028275	6.30404825934362	149.346208909488	159.1839363261	9.04044317822103	13.7427016757329	308.338258238285	377.513930636325	18.9695156976001	110.73508483756	233.763355504216
220.263287878788	79.954954954955	16.1402837837838	0.348735368362992	0.618258428571429	14.562	1373.14560810811	0.423149970775648	53.4824668253968	115.211111111111	4.57380395371025	9.99473046727143	194.7150857	0.208328061662877	5.5506014457923	8.840805439	5.92058506267358	915.666965877944	1730.94469166667	0.260043906465399	9.58101608869206	76.6132754388888	2.74727309075475	72.9391590723047	119.048290489188	3.32134228800495	3.62427880024175	137.309306583838	1151.43150932422	6.04652702407554	43.8905477261895	86.5605096965322
NA	371.428571428571	7.40274821428571	0.402893466038685	0.6308995	15.61	2187.20646924603	0	272.962893154762	0	3.79131588435825	4.48042032343286	146.670464	0.216320105140434	6.2990054744342	8.37464468625	0	1563.29231119775	0	0	0	0	2.03911712646125	59.3047722222152	78.8302453411814	3.38238609361542	0	0	0	0	31.8992919355366	0
NA	250.694444444444	5.3401195	0.593739640681238	0.56940055	16.0316666666667	1687.6566625	11.5684693274771	159.081089027778	296.111111111111	1.26706703859173	2.8625038289455	33.8550242666667	0.400478942689986	9.52450221247554	10.7839029316667	46.2081684041283	1059.45598629469	1182.76253333333	8.62667698831563	189.722896970624	220.811832222222	0.8727706361107	20.418672728645	23.2534270567377	6.42697318540551	34.4577084279689	757.813961827704	881.993117681867	141.477502608376	14.0744603158135	565.10641821869
NA	65.0326797385621	6.58514117647059	0.543243052641719	0.437879529411765	16.6077777777778	386.604720588235	2.40836286671769	26.7074277777778	72.9814814814815	3.35741091228863	2.88049309369294	102.677692833333	0.246028410354393	9.02939481582272	7.51792098555556	19.2061778627698	164.924640857858	581.192406666667	1.01368327417294	40.6772488188618	30.7145848981482	1.4753941652106	56.2896384641388	45.1273996230915	4.07777384109605	8.08848611382426	324.392344102182	244.736242871103	17.121110500781	24.7136595388418	136.614530462492
143.314019047619	165.617283950617	10.5401248888889	0.537175959157876	0.639256133333333	16.79	1905.43309135802	0	119.808382037037	0	5.04945366208619	6.75474306715178	156.162876609091	0.293669034813655	9.03799233226636	9.15809995636364	0	1369.47991310135	0	0	0	0	2.79477594412015	85.0310834248226	86.3270445986193	4.9407792670589	0	0	0	0	47.0527451235743	0
NA	144.753086419753	7.26555666666667	0.512593861100644	0.611148388888889	16.9116666666667	588.304229938272	86.6828698721734	117.984143981481	2477.23148148148	4.04384777880403	4.26510526023944	135.969142908333	0.342113077942706	8.76945238526459	11.013744645	299.584822804168	454.120903568054	8600.74592358796	86.7321867640125	1679.65744325487	2469.52365327315	2.47655624703793	67.695984999305	82.0142067100005	5.97190064144519	297.301441991735	5781.13363890146	8481.71302288106	1682.41438247559	41.9386783505674	5752.98079660116
NA	111.481481481481	3.737766	0.636722848394943	0.843326333333333	17.24	363.7461	32.8349687026623	92.3577037037037	935.074074074074	2.53359597668586	3.15434841698533	66.9788848666667	0.541831469176817	11.096477054421	14.6741041816667	111.563878623756	302.016377032656	3086.95780092593	28.4460686120361	573.154484805189	809.009156032407	2.15379139199523	44.3572310867526	56.9472763860391	9.44353088445043	96.6971748873357	1963.91706769325	2672.88864064585	496.750560094701	37.7116733093901	1702.73715664938
94.35801625	306.79012345679	6.69053	0.671822653054199	0.781278022222222	18.0375	2117.35723703704	195.685374710387	245.138708518519	4597.65509259259	4.693475174356	5.21514922566089	124.919487120833	0.586614720235519	12.2104313382028	15.5654371604167	1472.72022165828	1703.38865506466	34427.0235804514	181.656379508412	3713.61621290636	4237.21928807407	4.09169473959379	85.7323238143072	107.452698462439	10.6849102434089	1363.97261986649	27967.8679712914	31644.3430413791	3450.50211135862	74.9171822223776	25927.3037057671
NA	149.537037037037	5.30842611111111	0.581922166735699	0.759877277777778	17.83875	579.072109567901	53.7623437456141	127.933365123457	1691.92013888889	3.28815858228909	3.92007028434	100.33408786875	0.424728021866854	10.3834448803395	12.975507595625	266.607452765409	434.752295405966	8366.38643057292	37.6460523211677	985.69542777931	1179.44971332639	2.41266407996988	58.5993369538346	73.3876741775386	7.57606601654894	187.08689021496	4888.68471534221	5845.06876712283	690.349017863632	42.9841994810484	3431.10894861965
NA	291.503267973856	4.55842823529412	-0.0505943122125843	0.697308647058824	14.44	1313.92271568627	-1.43337393248703	224.741054084967	97.2592592592593	-0.351599068215316	3.16464948977647	70.4817761333333	-0.0293882592536408	-0.356154606426026	8.95161979666667	-7.61874621739375	1022.80458091242	513.910145185185	-0.873245349011021	-18.8201997335547	59.8121588518519	-0.207087473100557	-3.30352956666113	43.5792019500076	-0.192496822921914	-4.63040114027824	-100.03413783438	315.270634767752	-11.4657114325147	-1.89513940777909	-60.7971669718533
NA	102.513227513228	5.06993761904762	0.812292488736842	0.563026904761905	19.258	463.151174603175	4.85619883115797	54.9873462962963	125.933333333333	5.60324511055204	2.96900699215381	132.97507772	0.549347618424994	15.6508059678801	13.001973994	33.5966403736002	256.668486750053	871.24458	3.20066723142908	91.7335959205741	83.0012747333334	3.78221626797297	107.960133393885	89.6055964857705	10.5855737706534	22.1431761071958	634.640536657308	574.22771898762	60.4606040016953	72.8801722927136	418.284596664928
NA	96.9135802469136	6.160945	0.656590777167569	0.5710755	18.4	534.021641975309	0	62.0729850308642	0	4.06390744309589	3.46292633235611	113.92623565	0.396639181751125	12.1005099167224	11.1009299066667	0	326.660592831012	0	0	0	0	2.45352731710289	74.8946732527834	68.6937250565629	7.31097346489255	0	0	0	0	45.2235847930376	0
NA	539.285714285714	1.86415271428571	-0.2284271085769	1.742805	16.55	1120.0392547619	-161.802535241971	1117.97236111111	11722.9166666667	-0.701501934710746	4.3643205635	50.8252155	-0.383547389469301	-3.78046864694769	27.788774	-496.897203753445	2872.95079320528	36001.1943125	-271.679400874088	-2677.83195825462	19683.7149166667	-1.17787786853412	-11.6098570194628	85.33960284174	-6.34770929571694	-834.330156878334	-8223.64872211951	60448.8853462325	-4496.29408446616	-19.4938787242397	-13808.1640963364
NA	646.296296296296	1.61307083333333	NA	1.661	NA	1210.65725787037	NA	1275.8585625	NA	NA	3.595145423175	NA	NA	NA	NA	NA	2793.7316737825	NA	NA	NA	NA	NA	NA	NA	NA	NA	NA	NA	NA	NA	NA
NA	888.888888888889	3.64003	1.29182096977091	1.84178	23.89	3235.58222222222	1148.28530646303	1637.13777777778	21235.5555555556	4.70226708459521	6.7041344534	86.9603167	2.37925002570467	30.861602967827	44.0001242	4179.79296408463	5959.23062524444	77298.0592888889	2114.88891173748	27432.5359714018	39111.2215111111	8.66054147106576	112.337160650979	160.161772091726	56.8402831140845	7698.25908539178	99855.2539119817	142366.01963709	50524.6961014084	206.900335743761	183911.40955001
NA	58.0065359477124	6.08046352941177	0.743362269606607	1.13693741176471	21.1864705882353	330.308882352941	47.5659847013915	70.182272875817	1244.81045751634	4.2209312627616	6.93906898776353	128.410920776471	0.832086397086451	15.8851031603737	24.0813344105882	243.013334154079	402.015860630408	7048.33237712418	57.2866955903457	1029.49297320077	1506.20416949346	4.72294992061167	89.9578252429555	146.488736959775	17.7812748033089	294.152177490759	5234.99460723518	8579.049433954	1239.99733117139	100.638045701632	6336.65241692887
NA	0	8.99050875	0.741558785410243	0.77872475	21.055	0	0	0	0	6.65867176207358	6.99377443719	189.2966777125	0.578038655803076	15.6261850877556	16.3900105375	0	0	0	0	0	0	5.18488832836098	140.313319053065	147.2008303721	12.175649136512	0	0	0	0	109.214030782252	0
NA	15.5555555555556	6.957877	NA	1.0436546	NA	99.6459027777778	NA	16.5534555555556	NA	NA	7.257594322143	NA	NA	NA	NA	NA	105.984579286944	NA	NA	NA	NA	NA	NA	NA	NA	NA	NA	NA	NA	NA	NA
NA	0	4.935348	0.702431625334686	0.8369198	18.96	0	0	0	0	3.00939236441242	4.190301554398	81.12657885	0.572383144930794	13.3597823824314	15.442048875	0	0	0	0	0	0	2.45250235073195	57.2521287283256	66.0819125928575	10.8881222619105	0	0	0	0	46.6650379135025	0
NA	13.034188034188	7.68602384615385	-0.0150153266193859	0.852082769230769	12.97	117.739647435897	0	10.970063034188	0	-0.0933241408758617	6.56422479701769	78.50436205	-0.0122842802299326	-0.194748786253435	10.614252415	0	99.1015168995833	0	0	0	0	-0.0763319028833837	-1.21041410715993	64.2294260396156	-0.159327114582225	0	0	0	0	-0.990024780397487	0
59.545708	98.3796296296296	5.64283333333333	-0.314429593928278	0.771549472222222	11.62	645.061073302469	0	78.8112189814815	0	-1.68584022061997	4.3439414862225	62.1980835	-0.199013991354931	-3.65367188144659	7.35290941	0	510.363121768039	0	0	0	0	-1.0672755000846	-19.589463363604	39.366825361752	-2.3125425795443	0	0	0	0	-12.401741310983	0
NA	98.3333333333333	4.5001764	0.346980869725027	0.62499748	17.7066666666667	304.786161111111	0	57.2290183333333	0	1.01887605399221	2.9056029286228	51.7924185333333	0.216354273798554	6.14341461922906	11.0281142533333	0	183.677524914542	0	0	0	0	0.637021449110609	18.03146728728	32.3476938707983	3.82980214076939	0	0	0	0	11.2711835191653	0
NA	193.148148148148	2.83661	0.198697321015813	0.641010333333333	16.8514285714286	621.736764814815	24.306849537071	128.17744037037	1002.87301587302	0.447683917140606	1.827002116072	40.2086088142857	0.130563408186105	3.70639170927237	10.5386725957143	54.6977303973038	412.713606416093	2248.62683309524	16.8300613033573	458.427182269159	694.085907103174	0.296230788227078	8.36448900178794	25.2261857202524	2.43867445930932	37.9687062350587	1031.59919529315	1560.23234998986	317.414956181318	5.53911135989545	716.089799593207
NA	677.256944444444	2.595289375	0.881437668083024	0.8216846875	20.2	1827.83329513889	684.970652626077	560.098550173611	15753.3888888889	2.35347820390575	1.96066800783	55.481269225	0.754297717283211	17.9258288751337	16.8901329833333	1856.1637359632	1387.08196909446	43843.9771375	578.527585844107	13904.7282953246	13012.8564043333	1.84915075693994	47.142532120956	42.7139659996848	15.5255602785747	1444.79225699383	37143.8412636237	33480.8222336266	11880.2270351817	37.449517702249	29211.7939066683
NA	400.198412698413	5.21569	NA	0.90693	NA	2001.20491865079	NA	382.337007539683	NA	NA	4.69699745492786	NA	NA	NA	NA	NA	1904.75300462102	NA	NA	NA	NA	NA	NA	NA	NA	NA	NA	NA	NA	NA	NA
NA	277.272727272727	3.06962309090909	0.554808619500648	0.862007727272727	18.1628571428571	1073.08071388889	149.346067497984	232.717469191919	5018.28571428571	1.29969778938377	2.65494909676355	42.8284999857143	0.445336404767164	10.255804384364	14.7009563871429	398.838887750906	897.415037631992	13529.2868511905	126.676349259522	2690.57671120026	4324.42666545238	1.06776032909353	23.8127793751137	35.5951197860692	8.15898993573168	345.856679436527	7105.73730246388	11935.2131060236	2252.28012514195	19.3500837762663	6077.83714728262
NA	159.375	8.2884546875	0.375610588565185	0.67292471875	19.3611764705882	1326.42350954861	53.4316321446173	110.227233072917	2493.71241830065	3.26967694972145	5.59721000067062	167.582095358824	0.250796429688241	7.29310881176283	12.7003840223529	487.44480506973	925.941319850976	22609.4055471569	40.5277847019209	1056.14527803482	1866.24951425817	2.20842779447716	63.5162845585085	111.051564037742	4.88075033348286	372.032412992656	9632.69652178267	17018.6969301022	801.820668026136	43.0004667070887	7358.73620836772
NA	25.3472222222222	5.16141125	0.503372534542033	0.86384575	18.7271428571429	165.277125	28.1321922877128	20.2170621527778	828.404761904762	3.50375412505684	4.19241209928625	128.619976528571	0.340888607475633	9.45786821063073	12.3919702042857	205.725385888172	125.896385674561	6058.54929003968	19.697841162079	534.130066335379	580.08585256746	2.37880311862323	65.8464281169525	85.4028123040507	6.40686984526876	144.034912517543	3905.98212048273	4242.11715555347	373.972034983798	44.7178375838865	2734.56097337321
77.2276202380952	246.412037037037	6.32227520833333	0.423183196063342	0.824040395833333	20.5388888888889	1620.4221412037	103.526803488802	197.787233854167	4679.20679012346	1.9762709086728	5.20558329452438	93.8111884888889	0.347436398660254	8.70648991462329	16.7720183544444	610.969003090563	1290.92482607473	27280.2567953395	92.2727453121966	2169.94884109583	4161.03455131481	1.6604207334623	40.8614711817431	78.3450230520615	7.16129479909438	546.007791036512	12821.9777470295	24329.221289411	1934.33482317209	34.3910054903816	11460.1003938361
NA	98.4375	3.50680125	0.484394396856061	0.7393558125	20.6775	263.984748263889	88.5782879357818	116.717300347222	2268.98090277778	1.5978555745412	2.47988442889625	71.98115413125	0.418503853853157	10.3086806092885	15.59798301125	200.356467071404	273.810179006816	5907.96436605903	129.806297631395	2156.59387761094	2807.73388677431	1.24880756994196	33.3623813595965	51.5049994381433	9.28802573840827	267.635790540308	4760.24146585265	6411.46613860535	3237.25129624089	26.8641380809738	6580.32797386713
NA	544.444444444444	2.568305	0.116453758262014	NA	21.525	1454.70025	54.9283761803983	NA	11663.9166666667	0.207457425153211	NA	54.68534985	NA	2.59642875096389	NA	97.7527390034263	NA	30845.2646025	NA	1224.76943396496	NA	NA	4.62648499972782	NA	NA	NA	2180.3015981084	NA	NA	NA	NA
NA	580.555555555556	2.30813	-0.600201419591567	0.882627	16.25	1339.99769444444	-348.450268596215	512.414008333333	9434.02777777778	-1.38534290260188	2.03721785751	37.5071125	-0.529753978369846	-9.75327306836297	14.34268875	-804.268518454982	1182.71814505442	21774.9625347222	-307.551615220272	-5662.3168646885	8326.72763541667	-1.22274105009479	-22.5118221672806	33.1047901845375	-8.60850214851	-709.869109638366	-13069.3634248935	19219.1698571343	-4997.71374732942	-19.8695420640404	-11535.3730316234
NA	0	3.16515	NA	1.4476	NA	0	NA	0	NA	NA	3.2125863	NA	NA	NA	NA	NA	0	NA	NA	NA	NA	NA	NA	NA	NA	NA	NA	NA	NA	NA	NA
NA	8.33333333333333	5.452215	0.569670613170058	0.897835	22.69	45.435125	4.74725510975048	7.48195833333333	189.083333333333	3.10411342224076	4.82815825585	123.71075835	0.511940588589581	12.9258262128286	20.37187615	25.8676118520064	40.2346521320833	1030.92298625	4.26617157157984	107.715218440238	169.765634583333	2.75136054848091	70.4323335506429	109.550910825237	11.6159319550976	22.9280045706743	586.936112922024	912.924256876971	96.7994329591466	62.4283708450319	520.236423708599
NA	106.944444444444	7.237712	-0.239137294498617	0.7185416	13.9	628.050941666667	0	98.0628977777778	0	-1.85471015992596	5.115751406757	107.7373015	-0.16855192654536	-3.32400839353078	9.7963169	0	545.202663852967	0	0	0	0	-1.3073675701023	-25.7804712229708	75.936297258258	-2.3428717789805	0	0	0	0	-18.1724092244219	0
NA	244.777777777778	5.6685904	0.875565733341255	0.8049032	21.9458823529412	1065.04378888889	167.849014492733	230.220283111111	3463.74509803922	5.11132285983664	4.4232747149608	131.015805535294	0.742092727706232	19.5040436946241	17.6282754647059	721.899410450134	983.570358929538	15095.641845768	191.452538297457	3924.01618701545	3586.53113945752	4.14095183117606	113.067749079549	101.944661758824	16.730705891986	808.019626778509	16842.0945435974	15304.2075059519	4538.01661732021	92.4734467674489	19123.4370658023
NA	0	3.52679	0.721691638721326	0.95254	21.73	0	0	0	0	2.54525485452599	3.3594085466	76.6371467	0.687440153547612	15.6823593094144	20.6986942	0	0	0	0	0	0	2.42445705913018	55.3083879888497	72.999947717618	14.9380745365896	0	0	0	0	52.6834518948989	0
251.826777777778	130.994152046784	9.95445473684211	0.933646228704798	0.903229842105263	21.599	1440.88427631579	42.68862318969	109.112048391813	1066.40555555556	8.86501151023362	8.8637981497479	206.71722662	0.842621593533498	20.2335924481225	19.4282477245	465.569504374811	1202.21884441251	11693.2510001389	37.2100240685254	918.421316030747	933.749045725	7.91810931739686	191.542890978563	184.18447601662	18.2558906684183	407.085499752825	10000.6605513145	10269.4299937545	799.241624446326	170.972582853541	8730.42197520142
117.208588636364	210.606060606061	8.43792727272727	0.401013113544372	0.711796477272727	18.7	1617.00407828283	-1.61348449554505	166.178582007576	215.555555555556	3.6458440672212	5.91404161351773	158.758843066667	0.281317540744133	8.55722902588469	13.61174633	-11.636066303167	1273.7966693182	1556.30572222222	-1.26472688097613	-23.4761994101805	168.93229	2.56274852798857	77.3735450430424	115.093903738395	6.02156673017217	-9.12040062541377	-169.30476471108	1219.61869422048	-18.4017761182027	54.5187534945049	-132.70182909977
NA	32.3412698412698	7.30603785714286	0.305934535403708	0.6567555	18.2933333333333	180.428251984127	-2.38220404295129	19.7807922619048	114.833333333333	2.73805482121493	4.82923913077357	147.8218126	0.21511709276144	6.93205555737741	12.0585218666667	-16.5016703377662	109.476617429722	795.45739	-1.43119245594449	-32.8267717118688	68.9901441666667	1.91057848437358	60.7356789034338	97.866196570725	4.80822317331735	-9.91395601387485	-227.393017254418	477.89886805115	-19.7218320429151	41.9470871424343	-136.614313871195
NA	318.12865497076	2.85334615789474	NA	0.782465894736842	NA	874.062459649123	NA	301.33853245614	NA	NA	1.94442818969789	NA	NA	NA	NA	NA	711.660513816846	NA	NA	NA	NA	NA	NA	NA	NA	NA	NA	NA	NA	NA	NA
NA	317.777777777778	8.41623366666667	0.658055317938836	0.772925166666667	20.799	2674.45295833333	269.990431728957	260.293215555556	7615.21944444444	5.73380651680123	6.53232002127233	181.197497885	0.530196181827618	13.832855010387	16.3306057495	2333.93056955414	2201.66309731831	65913.4220162083	230.603593610393	5831.85377586719	6423.15988569583	4.60436746252841	120.603183923064	141.853436158805	11.1697366547551	1989.34471663254	50421.9224346642	55480.0629837404	4976.1534917993	97.0530059215009	42935.5182517103
137.201561702128	258.86524822695	7.88186191489362	0.663345136461128	0.855998936170213	20.2692307692308	1963.1518534279	75.2802791023543	258.932935815603	2130.96581196581	5.27031323236315	6.6720844768783	163.327074973077	0.558335522230443	13.5971385043519	16.2778333226923	595.494599341507	1960.9833749651	17009.5335432906	70.1849671962015	1545.35542496588	1897.5274416047	4.38452657938166	108.051061405566	129.199854425688	11.4360489161015	549.86898101545	12224.0325674135	14975.2323518483	1441.56358244904	89.8206347255902	11292.4983821408
160.197420454545	273.863636363636	9.04188204545455	0.770885545244677	0.761149840909091	21.0125	2632.61684280303	200.106043564	238.623492361111	4805.39583333333	7.0316514157113	6.93422058589045	191.53428283125	0.619703638562538	16.2263505796023	16.330059445	1835.68566463247	2301.4718274888	44019.0167856597	181.312575053714	4238.34243325077	4331.46016994792	5.6652508301593	148.036727565493	149.249643960938	13.0691202677109	1665.15090367293	38886.4936252669	39738.0065809951	3841.92308343986	119.48991488464	35287.9468941311
NA	286.296296296296	7.88846966666667	0.794247499791032	0.810733133333333	20.5533333333333	2456.92612592593	334.743686774166	283.877192222222	7309.85416666667	6.23159469771622	6.42850854610533	162.141012370833	0.702626047326764	16.555837476395	17.4493863770833	2897.58805394662	2450.25992198442	63091.7805867361	335.310150806656	7021.19027274207	7299.58339400579	5.5920890654805	129.951475983768	138.967367657996	14.6680119365053	2914.54566135403	60814.310805001	63282.9198939982	7036.66890262129	116.811090164864	61198.4395805019
NA	0.793650793650794	6.03019	0.0437674062500656	0.332559	18.0233333333333	4.56521428571429	0	0.327311904761905	0	0.174858412893976	1.96213576777	109.047487566667	0.0215321185162466	0.870393434551305	5.79275053333333	0	1.88275371921429	0	0	0	0	0.102907665200138	3.66494222489715	34.2292926685447	0.413259214438567	0	0	0	0	2.00759060377261	0
310.066065853659	207.407407407407	15.3374653333333	0.609927497136903	0.748796855555556	20.3071428571429	3728.66231481482	29.931500536623	203.977519228395	795.537698412698	8.80830590557946	12.4192658123487	280.437819392857	0.43307981170718	12.378695870746	13.0209472746429	520.350140090762	3728.37980919426	13598.5840946429	30.414001415332	608.767880186508	776.072371655754	6.77920689870317	178.398657286763	197.265632942648	8.75278443519475	537.274416608237	10597.7267004581	13612.3396288509	620.579440839575	136.945353851692	10969.0791808373
186.964441860465	203.682170542636	11.099398372093	0.571738076935514	0.801547023255814	18.8044444444444	2269.52260981912	11.9661168691428	175.85377370801	388.45524691358	6.39831814248711	8.91212075859884	209.830210477778	0.403726414188331	10.9165950923611	13.3584026738889	108.615435774774	1972.24787223525	3531.26356527778	7.66372814694918	223.344039381734	248.930519387346	4.50891368393079	122.337544778012	148.751719740677	7.70316898575255	69.6282049400068	2026.53623985412	2265.40325418532	143.018186946924	86.1446971955158	1298.84800332366
NA	150.82304526749	7.47776444444444	0.603428709079255	0.557204759259259	19.3466666666667	964.365438271605	40.6753078085391	83.8438689814815	1131.01388888889	4.99427458149762	4.17785370864278	160.514680291667	0.358149061072816	11.6955311225974	11.4308944591667	275.847476311697	524.934331382678	7669.29773423611	21.9646746493792	821.234464654404	610.759941152778	3.00227073100934	96.6062625004432	95.9979977288307	6.93329323293339	148.934425819354	5569.36054673317	4140.85812520044	443.466781170967	58.0090693334102	3006.98605729276
NA	222.979797979798	5.45869045454545	0.916743192799345	0.595203681818182	18.935	987.406771464646	24.7300964159846	150.609367045455	515.548611111111	5.88647907622868	3.15874778233136	121.659403475	0.508229007307829	17.357804515523	10.41383006	162.144687011785	662.78619396979	3376.81546020833	10.6431504004396	470.754659392116	221.707875868056	3.1805120466547	111.478332031848	65.240737334882	9.60599518922459	69.8772733191117	3086.50479564567	1454.14686671367	202.603497409926	60.1337024672475	1330.17445261909
115.445319047619	205.15873015873	8.07410166666667	0.835472836655323	1.01739354761905	18.9144444444444	1730.42100066138	73.4419953505689	221.022398346561	1736.72222222222	6.35559549104988	8.33535954181928	143.587325394444	0.761052980611028	15.8021740163002	17.1617401355556	663.151264691952	1874.03977412888	15589.7133452006	71.5544991426847	1414.54523006822	1680.74221646296	5.86531975657425	120.457939929668	131.933184704912	14.4040087808157	648.100999311002	12772.0283223671	15133.7589482786	1377.78088106053	111.236214670755	12478.5131118955
NA	34.7222222222222	9.60945	NA	0.376807875	NA	236.992534722222	NA	15.3157378472222	NA	NA	3.48968412297375	NA	NA	NA	NA	NA	104.780008295052	NA	NA	NA	NA	NA	NA	NA	NA	NA	NA	NA	NA	NA	NA
NA	237.808641975309	6.83612527777778	0.432958789064723	0.946993472222222	16.8166666666667	1634.98771373457	5.60520864073121	242.256426851852	167.87037037037	2.01689602143913	6.48523073283139	79.064372	0.365288571276831	7.73377080403105	13.8515891	26.0353498220279	1674.08336155835	779.856913888889	4.76388990502884	101.622432656457	142.551909305556	1.70076908087122	36.0054625817341	65.0508569899625	6.53486511467681	22.1221050029773	472.020892273366	662.074531310588	86.3693239781729	30.4095120048071	401.073763703978
NA	212.413194444444	7.9490678125	NA	0.759646375	NA	1692.39009635417	NA	167.2633671875	NA	NA	5.81409183484594	NA	NA	NA	NA	NA	1295.77327379511	NA	NA	NA	NA	NA	NA	NA	NA	NA	NA	NA	NA	NA	NA
86.6356385416667	127.662037037037	8.531946875	0.689894686627957	0.786741354166667	19.50375	1078.85458969907	149.587492033145	120.013686574074	3570.72569444444	6.17365257587932	6.74030244328	174.56571895	0.654180136628569	13.524122823965	18.048268266875	1335.36330195563	1020.76692083768	31923.1357151042	159.975951685697	3005.535478167	3806.71777513021	5.86312034549689	120.981529808927	161.780893805429	12.8649180825845	1428.41383269486	26812.8774395437	34038.6169289664	3215.63933984486	115.258369250319	28693.5179267488
131.188097727273	246.437198067633	9.18421630434783	0.646146185842585	0.913795413043478	18.6622727272727	2485.56600845411	108.458168524365	263.413959661836	2759.72222222222	5.59937699751567	8.48916543374152	160.2342184	0.588508617950714	12.1192961910803	16.7497359259091	1027.93390007561	2672.32243148345	25839.9519519697	113.103611187282	2080.07132314447	2841.93319329293	5.14256798918686	105.43763548515	144.87531525848	11.0576428205023	1079.082557088	19758.5347884286	26812.8152604055	2173.44906606074	97.0166972683549	20777.7468908587
NA	91.9191919191919	6.61814272727273	0.598799461960988	0.815659227272727	18.3531578947368	651.239373737374	25.9700410847894	84.8777670454545	867.038011695907	3.89684126135832	5.33690970317318	121.327960742105	0.480779798619207	10.9971098983851	14.5545844073684	177.689055064995	607.186045881462	5928.96918147661	20.9150060040088	479.827582494678	697.046143305556	3.06812470775784	71.6672210520708	94.6352888192363	8.82332554239373	143.2160654297	3283.38208529958	4770.38014936454	386.452771704511	56.3902864311709	2646.53931387046
NA	316.031746031746	4.31537885714286	0.643100453471234	1.0013656	18.2152380952381	1443.06023968254	82.54421229757	334.73775984127	2851.15079365079	2.51556869880912	4.17710928470143	73.2316129761905	0.617740218117704	11.925226488163	17.4243774885714	312.392338872462	1483.04387940308	11402.8028392989	85.4361333501444	1531.95919821016	2945.6506336746	2.27784004474304	46.4691894832132	66.7471459293791	11.4700545626088	288.961091156865	5765.15250955281	10905.164576845	1580.31948824342	42.0343909260625	5289.87956103237
94.3384347222222	326.651651651652	5.67419837837838	0.857836203680721	1.22309891891892	19.3882857142857	1835.7424466967	252.510146130673	401.817421171171	5988.1753968254	4.90360342754037	6.96033680058108	110.2112911	1.06844280979714	16.7730133045095	23.8310163142857	1447.19417223854	2278.10945236388	33764.4311891349	319.381435041214	5051.74990916678	7443.87391572222	6.12161637833329	95.9442599082834	135.842654570397	20.9335727123393	1845.08273676086	28997.1214141209	42354.628487973	6404.45690598799	120.030622429244	37052.384293514
NA	267.962962962963	3.955851	0.364664978632561	0.9318435	17.7566666666667	690.004273148148	59.2554214391147	281.565046759259	3404.22222222222	1.54760500200644	3.42389750663733	75.8766050055556	0.377998679451569	7.10310817184409	16.5953064266667	97.6350976543565	674.489365074895	8479.41454949074	81.9096380913356	1287.90639704724	3775.4168845787	1.44487093143483	29.3169223870946	66.1566869600454	7.44439334087228	136.388933962933	2281.01594680673	8531.99947219085	1741.24342253304	27.5297540284555	3003.24300382547
NA	652.777777777778	1.1228935	1.38547688654897	1.98685	24.92	732.999923611111	904.408523163911	1296.97152777778	16267.2222222222	1.53108119838459	2.7350778415	27.98250602	2.55959341473638	34.5260840128003	49.512302	999.45578227883	1785.39803542361	18266.3580963889	1670.84570128625	22537.8603972447	32320.5304722222	3.52351069879195	38.154543463744	68.15813981018	63.7850678952306	2300.06948393364	24906.4380943885	44492.1190427564	41637.4748760533	87.8058866138955	57317.7315396262
NA	566.666666666667	1.42108333333333	0.650224612727265	1.2865	20.5633333333333	784.848462962963	373.646281176206	730.931277777778	11689.6296296296	0.866441521192574	1.80429231693333	28.8165403666667	0.842523400710242	13.4737445201172	26.4927420666667	486.775486053896	999.416285710741	15974.301762037	485.204903071557	7762.71700388899	15098.4588898148	1.10892311042747	17.7333770406122	36.6452915852867	17.4794581443863	624.722876444415	9997.05766956015	20373.2345154882	10091.4246612076	22.7303512033893	12848.4658219017
NA	494.444444444444	1.00392	0.489803503761081	1.29488	22.36	496.382666666667	242.18062130409	640.246222222222	11055.7777777778	0.491723533495824	1.2999559296	22.4476512	0.634236760950149	10.9520063440978	28.9535168	243.129969339602	642.755987413333	11099.1164266667	313.59484291424	5415.15869235945	14315.9055288889	0.636722969053073	10.9949382089666	29.067014585856	14.1815339748453	314.824134698464	5436.3861144335	14372.0238785621	7011.98068756241	14.2371255880267	7039.46765185765
NA	488.888888888889	2.05646	0.768772959178344	1.381205	23.546	1025.76326666667	502.418961937347	262.494166666667	12397.6666666667	1.58753541890668	2.90887496235	48.56031862	0.181723511513508	19.8871134896193	26.58408725	1021.31480681729	698.326356291667	25818.4063922222	132.9987964444	12920.2790512501	5885.11921666667	0.576138859000017	40.7744462029855	57.6233250922035	4.60482163072033	353.823348120859	26154.3444152611	15656.4769080592	2981.83301628345	13.8363753614187	7932.71946486967
NA	260.690235690236	3.93512151515152	0.357023921261752	1.10910618181818	21.9733333333333	901.736038720539	68.4116409924083	297.063831649832	4001.11111111111	0.861473393957005	4.31572681362121	53.2584425833333	0.389061738526467	7.84943129613902	23.84614975	163.974384447526	1020.45632282779	9607.06931430556	75.1915803775696	1508.57410375168	4388.97837902778	0.937587602786837	18.9387008050352	57.7197840047657	8.55460777565277	180.112901078707	3615.99703913755	10531.1800154661	1658.0830461244	20.6140602457235	3971.90741347506
NA	128.494623655914	6.56215935483871	0.782889310208641	1.02578048387097	21.4109090909091	867.202106630824	62.7100958906112	144.383504301075	1653.63131313131	5.07793939448344	6.72622277183194	142.419453859091	0.78956490732635	16.8682221124549	21.5491885027273	430.914250680196	967.698443392554	11558.211155	70.9427382352559	1374.69216179745	1833.54692163636	5.11401106757668	109.298327576457	143.11211263131	17.0244313608818	480.291189077822	9413.71221248193	12637.5151805911	1561.33569914479	110.14889039244	10533.114320543
92.455123255814	217.550505050505	6.29866840909091	0.796722857118413	1.12630104545455	20.5966666666667	1491.32626578283	136.807007573909	265.15486540404	3027.06018518519	5.26607669351519	7.06530396597523	137.452705916667	0.947360892404923	16.6668482545367	23.5646849333333	945.860164312357	1817.19643442949	20984.775857338	176.041398469473	2956.47628686145	3818.68160648148	6.25441772249159	110.209978726442	156.71397854938	19.9380976776829	1214.98448097476	20445.9334363898	26408.9168413239	3812.31961455806	131.725366052223	26320.1327901249
NA	348.611111111111	2.65729616666667	1.3068098716596	1.41671683333333	23.4366666666667	1032.6654212963	911.180017673586	571.87362037037	16338.3425925926	3.86719534896531	3.771196734517	69.2922214333333	2.14397065424236	30.6265771998651	38.4583858333333	2699.91694226432	1691.52821310306	48367.7443043519	1494.57731598171	21351.6313801387	26804.7239235185	6.33529058173818	90.576209811923	113.538431655282	50.2514722537677	4422.08487778839	63227.566682671	79235.6599564578	35025.9305900547	148.398421601224	103568.637807088
