"LE"	"Kin"	"u"	"De"	"VPD"	"Twater"	"Kin_u"	"Kin_De"	"Kin_VPD"	"Kin_Twater"	"u_De"	"u_VPD"	"u_Twater"	"De_VPD"	"De_Twater"	"VPD_Twater"	"Kin_u_De"	"Kin_u_VPD"	"Kin_u_Twater"	"Kin_De_VPD"	"Kin_De_Twater"	"Kin_VPD_Twater"	"u_De_VPD"	"u_De_Twater"	"u_VPD_Twater"	"De_VPD_Twater"	"Kin_u_De_VPD"	"Kin_u_De_Twater"	"Kin_u_VPD_Twater"	"Kin_De_VPD_Twater"	"u_De_VPD_Twater"	"Kin_u_De_VPD_Twater"
273.758642857143	268.518518518519	12.5417908333333	NA	0.728589333333333	NA	3470.82585648148	NA	213.252169097222	NA	NA	9.15314486229458	NA	NA	NA	NA	NA	2748.76144086334	NA	NA	NA	NA	NA	NA	NA	NA	NA	NA	NA	NA	NA	NA
NA	175.115740740741	4.78552303030303	0.668042216985725	0.729942636363636	12.4333333333333	524.480166245791	0	108.435059301347	0	3.10966961410544	3.46460460865864	57.81486942	0.436070550914877	8.3023042078721	8.111644418	0	435.255982713897	0	0	0	0	2.02358891610779	38.6680413178145	37.6239411882427	5.41788895179917	0	0	0	0	25.1561080733997	0
NA	201.041666666667	9.22293361111111	0.772758006853402	0.645888970588235	11.666	2445.03660339506	11.3380615478746	176.701377941176	94.2527777777778	7.81805706623155	6.17144424234147	118.453010827273	0.503936654012016	9.17406084023372	7.73941512454545	124.079870471408	1676.57158521439	1808.02647373737	7.92090748556441	137.369697295821	115.125459742424	5.08580078920063	92.665098833745	76.9766874098555	5.98759522953463	86.6695760229411	1503.21272955992	1259.84149353792	95.9795400318032	60.3260397332651	1050.1208936833
105.009891935484	280.902777777778	7.01412395833333	0.786600322004523	0.6415566875	12.2082352941176	1920.91995081019	185.608415198542	182.385517708333	2861.65522875817	5.73246814880794	4.50908397188896	89.0048904411765	0.513129884627949	9.65357549701924	7.94565750735294	1396.86893393842	1251.45000460425	21558.6185079248	124.200446056529	2392.25648506676	1911.15022965033	3.74217997888734	70.3514161805925	57.968187986469	6.31300509235997	934.318952315555	18000.7781288572	14392.9122121564	1602.7693165908	46.0427580631153	12054.5747972081
NA	263.078703703704	3.72939572916667	0.723841584132968	0.682049947916667	12.516	845.387789351852	57.2348053810732	169.246569357639	1031.69166666667	3.10388662226472	2.54889279133469	51.64712008	0.494512759469753	9.04794785652465	8.888523865	208.35776219513	563.543532534462	3764.25277109722	45.2440453041501	743.403491679623	816.758212945833	2.06079215286881	38.6616184210202	35.3568819905118	6.20897294322692	164.339480271788	2709.16382798965	2973.40843706649	589.11929713003	25.7680864440373	2142.06424974984
NA	216.898148148148	4.7302825	0.507104461753653	0.895837821428571	12.712	781.352770833333	0	117.929232043651	0	1.59699941253726	4.22625262765714	39.9948296666667	0.462898917505012	6.46334722433366	11.6235241666667	0	687.419459248817	0	0	0	0	1.45807978888117	20.3690543701574	36.5066053680045	5.90023643361373	0	0	0	0	18.598199072196	0
NA	305.439814814815	3.71501833333333	0.388464096131423	0.974561944444444	13.2747368421053	700.37549691358	47.977010305793	148.288246604938	3428.00877192982	1.43105461358266	3.56603545365444	48.3608653235294	0.379092992694874	5.0260731106334	12.5708623005882	223.215068482535	628.467970872718	8272.99132104575	42.8313716009386	625.868371170134	1581.7368186732	1.37363895944178	18.4385492744613	46.3802739125101	4.90438733158587	198.300448147557	2912.23200825777	7353.04728742459	558.809099348109	17.6842525550894	2587.34629334652
NA	290.509259259259	5.57609208333333	0.115845710451612	1.019453375	11.21	605.442517361111	0.123061366535022	115.22170787037	28.3888888888889	0.405314148666292	5.65164564482292	52.8597811	0.123015871000293	1.36945859647658	11.58877032	0.881971895939541	589.660211495716	203.755856111111	0.120642201290578	1.25768716598793	27.7405434444444	0.422243618369332	4.6304978300159	53.337911856345	1.45779674566362	0.864601476128737	9.01375277650211	199.094059590806	1.2329632971897	4.84322817801357	8.83622708603569
NA	290.046296296296	2.99311697916667	0.291278872024308	0.988620479166667	14.01	899.931689814815	18.2532876049411	272.084615625	870.736111111111	0.743978483507311	2.97737248563583	33.5194295	0.292224046263737	4.183293596755	13.90465317375	42.0105642741686	852.45445348866	1999.47345236111	16.8349407166762	254.428376348138	803.173008857639	0.751856971980489	10.772425703437	33.4579925655106	4.21076062813548	38.8342007050493	585.261812997683	1848.19531772098	234.620492145439	10.9242325554998	540.920624127563
NA	262.268518518519	3.00035708333333	0.419346590223609	0.995666125	16.5669230769231	800.088326967593	119.329940497886	237.379737326389	3899.95085470085	1.4019348590803	3.05614902038229	55.5280350615385	0.423499013912517	7.00746091533333	17.1341869346154	372.297800472515	747.986121934429	12445.720365609	104.251750307456	2043.89045181672	3449.28243471795	1.45825293098376	23.5615012093441	58.8552171461381	7.06992624490167	342.057658801273	6404.82382318614	11598.475200829	1788.19651469638	24.4857396535042	5891.15257348351
35.1240365	318.981481481481	3.44759791666667	0.532881508897613	1.183553	16.8055555555556	965.921185185185	35.1884238652337	339.830210069444	1159.75925925926	1.99357745657648	4.05441054698042	64.8564302611111	0.706019553621553	9.05462623886936	21.2799849305556	108.970734562195	1024.60869869367	3627.60492177469	46.3572267877371	651.156474799126	1461.15660181327	2.5307064567416	33.4500472333784	79.2470868837387	12.1185327314716	140.000691549394	2002.26031011584	4478.0028222602	859.272366964331	42.8693323216039	2580.62357479269
NA	152.430555555556	6.28382244186047	NA	1.20950551219512	NA	792.365156653747	NA	136.252928319783	NA	NA	7.57700850738	NA	NA	NA	NA	NA	854.034156696649	NA	NA	NA	NA	NA	NA	NA	NA	NA	NA	NA	NA	NA	NA
NA	238.657407407407	5.79356833333333	0.654958582692739	0.995509933333333	16.26	330.429525925926	65.4958582692739	57.1702216666667	2679.75	4.04227338066305	5.82268247552367	99.63373545	0.670631741576576	10.2566514049683	16.05404475	404.227338066305	323.895450233794	9963.373545	67.0631741576576	1025.66514049683	1605.404475	4.13900498266231	63.3020011411833	102.144446293993	10.5020930730892	413.900498266231	6330.20011411833	10214.4446293993	1050.20930730892	64.8168180284918	6481.68180284918
NA	93.5185185185185	6.53371608695652	NA	0.550920263157895	15.53	649.698330917874	NA	61.3684206140351	302.527777777778	NA	3.75067539874737	NA	NA	NA	NA	NA	475.768176637585	NA	NA	NA	NA	NA	NA	NA	NA	NA	NA	NA	NA	NA	NA
NA	283.101851851852	4.8989725	0.620194720037675	0.624931666666667	16.6345454545455	1623.11632581019	195.174698321762	178.270980324074	5135.22474747475	3.09369396257176	3.05455324742833	82.1527760681818	0.444120727319448	10.3301672225869	11.8716035236364	1213.74665763643	1031.05238326477	31908.3119973232	134.786163360449	3286.41007370494	3517.4691730947	2.19442683364305	51.7740297415154	58.0108439548974	7.39732839976848	838.101581175287	20439.0779126282	21853.9754196586	2271.60375575786	36.7319360220451	14125.9762695477
51.0824986111111	330.787037037037	3.10694916666667	0.594531083720967	0.822338	16.735	739.175284722222	98.7339364331889	305.912762847222	2274.44444444444	2.15176902061407	2.44038313765458	63.24938914375	0.490619924095152	10.0957817297328	13.1617927175	328.005062699892	658.087201295822	7776.17024128472	91.0385519003641	1722.89432728326	1939.37294811111	1.72186812465846	36.4145014293497	48.7524693393338	8.55589781258222	284.541599993879	5654.98077479798	6242.91847475705	1649.44105125474	29.8573018433818	5105.68316617725
NA	331.944444444444	7.21342895833333	0.609822637416703	0.740991520833333	16.6192857142857	2320.0408599537	116.655462791656	211.608786631944	2908.81944444444	5.04553342267765	5.38060530032896	127.284334096429	0.474747157516656	10.4338252349132	12.9999495607143	973.02221444216	1487.87721531053	24064.2389795536	80.2268675759826	2042.97403013206	1980.67152837897	3.93862025784399	86.4602044031734	99.1141403531367	8.12086861248274	676.699667692999	17060.6907074704	16560.0648514124	1404.25887306512	67.4643949604751	11858.0239096929
150.106845238095	339.583333333333	6.48740458333333	0.872662534916395	0.800918833333333	16.5133333333333	2058.59295601852	96.0142798610394	295.186038310185	1870.31111111111	5.74729293994873	5.33141386117458	107.217666883333	0.647509538724492	14.4407521341006	12.074242641	501.457114394277	1861.12396451518	9441.94973947222	70.5503147019038	1599.88127318217	1337.29856036667	4.37206272387029	95.3241293463481	80.4392629364843	10.7434878986081	400.454293000001	8386.47178489139	7306.34716136788	1180.91304334611	72.7051611932165	6731.99060588795
NA	342.361111111111	6.56928	0.879598368265357	0.663796	16.6364285714286	0	0	0	1383.31547619048	5.77832796867824	4.36066178688	106.6194144	0.583873878461071	14.2758815169467	10.77340908	0	0	0	0	0	0	3.83563099229674	93.7822629316479	70.7735408010624	9.47627304742318	0	0	0	0	62.2522910049762	0
NA	338.888888888889	NA	NA	NA	17.1688235294118	NA	NA	NA	3679.62908496732	NA	NA	NA	NA	NA	NA	NA	NA	NA	NA	NA	NA	NA	NA	NA	NA	NA	NA	NA	NA	NA	NA
NA	323.611111111111	NA	NA	NA	16.6242857142857	NA	NA	NA	643.84126984127	NA	NA	NA	NA	NA	NA	NA	NA	NA	NA	NA	NA	NA	NA	NA	NA	NA	NA	NA	NA	NA	NA
NA	319.675925925926	NA	NA	NA	18.05	NA	NA	NA	0	NA	NA	NA	NA	NA	NA	NA	NA	NA	NA	NA	NA	NA	NA	NA	NA	NA	NA	NA	NA	NA	NA
NA	316.087962962963	NA	NA	NA	17.6775	NA	NA	NA	6746.02083333333	NA	NA	NA	NA	NA	NA	NA	NA	NA	NA	NA	NA	NA	NA	NA	NA	NA	NA	NA	NA	NA	NA
NA	282.060185185185	NA	NA	NA	NA	NA	NA	NA	NA	NA	NA	NA	NA	NA	NA	NA	NA	NA	NA	NA	NA	NA	NA	NA	NA	NA	NA	NA	NA	NA	NA
NA	76.8518518518519	NA	NA	NA	NA	NA	NA	NA	NA	NA	NA	NA	NA	NA	NA	NA	NA	NA	NA	NA	NA	NA	NA	NA	NA	NA	NA	NA	NA	NA	NA
NA	107.75462962963	NA	NA	NA	14.72	NA	NA	NA	0	NA	NA	NA	NA	NA	NA	NA	NA	NA	NA	NA	NA	NA	NA	NA	NA	NA	NA	NA	NA	NA	NA
NA	219.328703703704	NA	NA	NA	14.535	NA	NA	NA	1821.125	NA	NA	NA	NA	NA	NA	NA	NA	NA	NA	NA	NA	NA	NA	NA	NA	NA	NA	NA	NA	NA	NA
NA	167.24537037037	NA	NA	NA	NA	NA	NA	NA	NA	NA	NA	NA	NA	NA	NA	NA	NA	NA	NA	NA	NA	NA	NA	NA	NA	NA	NA	NA	NA	NA	NA
NA	260.185185185185	NA	NA	NA	15.796	NA	NA	NA	2944.43333333333	NA	NA	NA	NA	NA	NA	NA	NA	NA	NA	NA	NA	NA	NA	NA	NA	NA	NA	NA	NA	NA	NA
NA	218.865740740741	NA	NA	NA	15.6233333333333	NA	NA	NA	3545.79012345679	NA	NA	NA	NA	NA	NA	NA	NA	NA	NA	NA	NA	NA	NA	NA	NA	NA	NA	NA	NA	NA	NA
NA	182.986111111111	NA	NA	NA	15.3833333333333	NA	NA	NA	28.5185185185185	NA	NA	NA	NA	NA	NA	NA	NA	NA	NA	NA	NA	NA	NA	NA	NA	NA	NA	NA	NA	NA	NA
NA	137.615740740741	NA	NA	NA	15.7925	NA	NA	NA	1687.3125	NA	NA	NA	NA	NA	NA	NA	NA	NA	NA	NA	NA	NA	NA	NA	NA	NA	NA	NA	NA	NA	NA
NA	298.032407407407	NA	NA	NA	NA	NA	NA	NA	NA	NA	NA	NA	NA	NA	NA	NA	NA	NA	NA	NA	NA	NA	NA	NA	NA	NA	NA	NA	NA	NA	NA
NA	278.587962962963	NA	NA	NA	19.8066666666667	NA	NA	NA	15135.1759259259	NA	NA	NA	NA	NA	NA	NA	NA	NA	NA	NA	NA	NA	NA	NA	NA	NA	NA	NA	NA	NA	NA
NA	205.902777777778	NA	NA	NA	18.24	NA	NA	NA	5877.33333333333	NA	NA	NA	NA	NA	NA	NA	NA	NA	NA	NA	NA	NA	NA	NA	NA	NA	NA	NA	NA	NA	NA
NA	293.171296296296	NA	NA	NA	20.12	NA	NA	NA	14018.3888888889	NA	NA	NA	NA	NA	NA	NA	NA	NA	NA	NA	NA	NA	NA	NA	NA	NA	NA	NA	NA	NA	NA
NA	133.217592592593	NA	NA	NA	19.89	NA	NA	NA	0	NA	NA	NA	NA	NA	NA	NA	NA	NA	NA	NA	NA	NA	NA	NA	NA	NA	NA	NA	NA	NA	NA
NA	273.032407407407	NA	NA	NA	NA	NA	NA	NA	NA	NA	NA	NA	NA	NA	NA	NA	NA	NA	NA	NA	NA	NA	NA	NA	NA	NA	NA	NA	NA	NA	NA
NA	186.458333333333	NA	NA	NA	NA	NA	NA	NA	NA	NA	NA	NA	NA	NA	NA	NA	NA	NA	NA	NA	NA	NA	NA	NA	NA	NA	NA	NA	NA	NA	NA
NA	252.662037037037	NA	NA	NA	20.412	NA	NA	NA	1746.55833333333	NA	NA	NA	NA	NA	NA	NA	NA	NA	NA	NA	NA	NA	NA	NA	NA	NA	NA	NA	NA	NA	NA
NA	327.083333333333	2.9034934516129	1.05006163302137	0.995018129032258	20.588125	1085.18806317204	268.08558730548	380.157093727599	3922.26041666667	3.18312567657765	2.86166886834919	63.1180976031818	1.0422821871165	21.9290639269269	20.486562675	923.603960930647	1160.11416322109	17454.3785627715	296.028171283088	5637.29589148496	5592.91763393561	3.1573970987178	66.4218206200438	61.8611777245306	21.802837533217	1023.77646397565	19410.14345025	19341.0466361887	6223.57063064869	66.0134114195892	21510.9696747437
NA	216.898148148148	6.60295151515152	0.95170147926714	1.04006557575758	20.631	1897.19528535354	85.8735438962605	347.356414225589	1561.02222222222	6.7279844422669	6.82205280146727	145.798470075	0.818550033071479	19.5320395835304	17.56119084125	645.899308562382	2306.5057077446	14132.3427976736	78.6366719112128	1780.77753476147	1720.37728564583	5.7323273392789	138.063112822081	123.687152600543	16.8088267618499	592.08856283147	13393.9295234709	12952.3396579301	1630.99633297646	117.707295554207	12280.3338450761
NA	341.550925925926	2.87433127419355	1.06549586411167	1.00223274193548	20.8438888888889	656.902562724014	113.926245295613	235.387754121864	4400.52932098765	2.71240708073151	2.5682879080725	57.5253562974	1.11295633603614	22.0915917002614	20.3025009372	337.224726196107	692.452179397566	6787.16591715556	121.963208469449	2362.23752078779	2227.51469970556	2.45701150645938	55.9892603443378	48.8359148283295	23.1533045484952	331.042616228168	6953.86942761691	6346.61386554617	2543.33165334991	50.93235141439	6865.91447884691
NA	336.574074074074	3.82911540625	1.01668542397409	1.1671085	21.3488235294118	845.045459056713	192.616504340658	445.18907494213	3704.37091503268	4.62204932504468	4.29116920835016	99.0697795558823	1.12389870327579	21.7892166125494	23.4345578897059	732.713857509626	1064.49152382878	14397.3366518627	241.001636361976	4301.13765300475	4565.68126979575	5.10390553854369	98.9966548269895	108.896204720206	24.2686696579257	905.908907998411	16297.96155345	17554.4964418	5418.13688741168	110.026033137915	20281.2349891861
105.429116129032	335.99537037037	5.17085520833333	1.00069607153453	1.40444614583333	21.9605263157895	1425.42001909722	215.173436258341	520.23203275463	4746.70760233918	5.49752569906336	7.09355797397708	120.800640813158	1.39147333499062	22.0612119577165	29.6578403771053	991.91797050399	2206.84619934685	21778.5682376389	312.832993650246	4789.82833763324	6835.70931160673	7.55753233350938	120.90960278437	160.760574536163	30.9592598272015	1453.6150251497	22081.175047351	31586.5997128812	7004.21288578771	167.830568871842	32551.7903250842
97.0407414634146	336.574074074074	6.04761083333333	0.805809552790392	1.34285972916667	22.254375	1852.72695428241	145.556116664179	519.980300868056	3657.32638888889	5.24184257537894	7.89090079978854	140.91981928125	0.93987315299307	17.8745694383198	26.1914161171875	824.943046851973	2814.34094657927	20689.0054100174	179.059036189922	3262.55040580783	4559.4559105217	5.99117236186102	115.884063638835	162.870645506319	20.9116746696583	987.84158686157	18441.5433631699	25145.8573470858	4023.9293248387	132.849890384377	22149.0916925257
105.365316666667	324.768518518519	5.40919770833333	0.962489883728427	1.60203165217391	22.584	1586.64943055556	236.913426073891	662.602837560386	4532.25277777778	4.96206632401431	7.97447852253609	124.067312845	1.40019421498089	21.8797563386844	31.035424065	719.370888709209	3116.36497331412	15140.2385058333	463.117699621586	5578.58821908755	8514.71278872222	6.10571705425877	111.168841450646	149.336386865193	32.2251599104435	1135.84029143325	16625.1242235795	22780.5475716421	10985.7155771221	137.66827956223	26542.219300994
NA	198.611111111111	6.41835684782609	NA	0.822623329545455	NA	1300.39270652174	NA	166.922562594697	NA	NA	5.72014224719909	NA	NA	NA	NA	NA	1175.39087792118	NA	NA	NA	NA	NA	NA	NA	NA	NA	NA	NA	NA	NA	NA
NA	276.273148148148	8.88886163043478	1.27585913992792	1.08843205434783	21.2525	2065.64592330918	346.312167683582	326.099057971015	5656.10416666667	8.09924152824001	9.44854795490467	134.33969218125	1.53248407285029	27.1572193836028	25.47997715625	2145.80547126965	2411.67237463003	34991.8052553125	435.059387038203	7412.97632247084	7091.19940416667	9.70931488687009	172.677961317446	160.794161796799	32.6294596323797	2696.28548838112	45973.6530444764	43887.8689363563	9318.33728983007	207.051113335342	57799.1113804923
NA	165.856481481481	10.9363345833333	NA	0.979351808510638	NA	1782.17469733796	NA	170.672058333333	NA	NA	10.7507697125326	NA	NA	NA	NA	NA	1835.7501717467	NA	NA	NA	NA	NA	NA	NA	NA	NA	NA	NA	NA	NA	NA
NA	112.268518518519	6.97907676470588	NA	0.77542640625	NA	939.05904003268	NA	158.482362413194	NA	NA	5.20670401674656	NA	NA	NA	NA	NA	978.991894858324	NA	NA	NA	NA	NA	NA	NA	NA	NA	NA	NA	NA	NA	NA
NA	197.222222222222	5.74456913043478	NA	0.555372260869565	NA	942.845003623188	NA	89.041140942029	NA	NA	3.21598312248696	NA	NA	NA	NA	NA	584.962929034696	NA	NA	NA	NA	NA	NA	NA	NA	NA	NA	NA	NA	NA	NA
NA	208.333333333333	6.5936175	NA	0.55164265	NA	463.106430555556	NA	40.0261041666667	NA	NA	3.5660603879125	NA	NA	NA	NA	NA	255.630006775775	NA	NA	NA	NA	NA	NA	NA	NA	NA	NA	NA	NA	NA	NA
NA	241.550925925926	7.31149955882353	0.452017695761282	0.918121705882353	17.57	1513.7587001634	0	253.902442197712	0	0.981497664045175	7.04872044865978	42.239905225	0.270272680738065	7.94195091452572	10.4824245225	0	1557.37251077394	0	0	0	0	0.586861990774211	17.2449139572737	25.1953381610202	4.74869100056779	0	0	0	0	10.3111651779029	0
NA	63.1944444444444	10.86883	NA	0.66176571875	NA	529.929390432099	NA	14.8991244791667	NA	NA	6.86966184227188	NA	NA	NA	NA	NA	173.835528174175	NA	NA	NA	NA	NA	NA	NA	NA	NA	NA	NA	NA	NA	NA
NA	172.569444444444	9.0861612195122	0.640925571131811	0.7625569625	18.935	1282.23078319783	142.427904695958	167.594904027778	2117.77777777778	3.67429979033091	6.35931926451994	109.7422385	0.651079977355176	12.2160413857723	19.33597927	816.511064517981	1077.07632489856	24387.1641111111	144.684439412261	2714.67586350496	4296.88428222222	3.71630064234223	70.0321540037072	110.848476457495	12.4095843683896	825.844587187162	15562.7008897127	24632.9947683323	2757.6854151977	70.8326902430429	15740.5978317873
NA	223.148148148148	7.00971705882353	0.764754161511782	0.78075846875	17.5614285714286	2145.19829248366	5.26557133437507	212.846810069444	70	4.38164021703503	5.48829198585703	100.137679325	0.606734217310874	13.5504624954292	13.9808984325	30.0837767712074	1682.48352098201	699.9895	3.97039386676875	92.8846783383762	92.3692875	3.54756626924167	78.0129704817909	80.719087111942	10.7692650554015	22.6851151007057	530.677822244099	527.84154172575	70.0377478098007	63.2856014635386	400.165430376449
NA	221.412037037037	3.76578765384615	0.726593599415657	0.718588371428571	17.14	383.716461538462	0	78.694603968254	0	2.71870789277305	3.58993133305743	64.9074108333333	0.543007527789398	12.6069794880436	12.9664764733333	0	518.29073418481	0	0	0	0	2.03070372829216	47.1913631097993	48.4826117185137	9.42118431914936	0	0	0	0	35.2474703650041	0
NA	68.8657407407407	3.24806946666667	NA	0.442137655172414	NA	135.97503345679	NA	21.496524137931	NA	NA	1.55134477906	NA	NA	NA	NA	NA	55.4127472113381	NA	NA	NA	NA	NA	NA	NA	NA	NA	NA	NA	NA	NA	NA
NA	68.5185185185185	4.73439833333333	NA	0.469785	NA	0	NA	0	NA	NA	2.056702290535	NA	NA	NA	NA	NA	0	NA	NA	NA	NA	NA	NA	NA	NA	NA	NA	NA	NA	NA	NA
NA	167.939814814815	5.93047735294118	0.792280609374034	0.730666464285714	17.246	1403.2849003268	85.8644652025564	193.017592063492	1608.83888888889	3.17657009740895	3.76255142214821	67.97436106	0.575920025362274	13.7191645933648	12.418926517	443.234191754626	1114.8319742537	8269.10574333333	74.0920464708798	1547.61328344596	1385.20620323056	2.37296899142949	55.2002930593726	50.2465704252426	9.99217816441409	383.317763119422	7999.92096895546	7140.05455879004	1336.37569557362	41.338569641591	6921.97311054584
NA	317.361111111111	3.29322909090909	0.750367280782044	0.752763214285714	17.338	1078.80276925505	41.610856196475	259.090653373016	1459.26666666667	2.54933138795955	2.57090332943964	58.7636224833333	0.529124923010359	13.0334737142385	12.2025104183333	182.065263776337	924.787817899149	4166.21243824074	32.322636145282	753.538879939888	737.87333116358	1.80942462607264	44.6296541446108	41.6458231187456	9.20257488315954	141.422937562618	3300.01779992816	3235.43361624578	585.409137878959	31.7152671631773	2563.56715215885
NA	318.402777777778	3.4040925	0.9798954812673	0.878848458333333	18.555	888.050998263889	357.99802162545	305.335097395833	5997.92881944444	2.91537377214314	3.04199254387208	56.651182884375	0.878805572648186	18.4332862518905	16.1845102271875	717.142124348845	877.810094282534	12280.7399006771	326.864185715536	7105.43960357371	5377.25041351215	2.65783180755972	54.0098599617028	50.1927280674225	16.6389659958703	657.770720981083	14094.5457347934	11032.5374795699	6526.26348014335	49.5426368404567	13014.1590807485
NA	336.226851851852	2.25820536842105	0.967461763664893	1.03392628947368	19.1463636363636	549.07141374269	302.236052997131	426.013711988304	5716.92424242424	2.23959654183202	2.20393589050089	45.1671452581818	0.863327656016154	18.637290746827	17.1145091186364	450.863885110484	676.832633449067	8504.21680137626	325.740983832259	6141.32530949144	6201.92109413258	1.92199626346331	42.4511765007541	38.6451030466271	16.9915295541324	515.656839224712	9243.85602395539	9770.36267313621	6751.41173758575	37.1551767261688	10778.0974006332
NA	83.2175925925926	3.42627565217391	0.963669362844853	0.639884443103448	19.09	265.568725845411	0	29.0534083429119	0	4.42188266178861	2.55685822259219	87.55160795	0.629785932444286	18.3964481367082	12.473625535	0	106.425736003584	0	0	0	0	2.89102549630398	84.4137400135445	57.2309385624888	12.0226134503614	0	0	0	0	55.189676724443	0
NA	290.277777777778	3.249751875	0.788139087680984	0.737379395833333	17.7975	649.240737731482	11.3775849859192	230.757695023148	240.930555555556	3.60652192888946	2.31351805928923	81.98585775	0.482910329120561	14.0768261393439	10.90509511375	50.009127275063	509.469629834344	1058.86810791667	6.98433676743486	207.754701842884	147.868719166667	2.20974537529041	64.2172179186009	50.2358813520314	8.62436071000097	30.7087723350055	913.166664042651	650.076470722983	127.53398937336	39.3420404360941	560.742182837201
NA	148.032407407407	3.78859488372093	NA	0.616343220588235	NA	540.467252583979	NA	57.8120349673203	NA	NA	2.45532178382015	NA	NA	NA	NA	NA	253.244643418794	NA	NA	NA	NA	NA	NA	NA	NA	NA	NA	NA	NA	NA	NA
NA	183.101851851852	2.34250084090909	0.413064202719997	0.639559340909091	19.955	447.292788699495	18.1556954013034	127.126283585859	806.763888888889	0.390643077410892	1.51069531212159	19.2554024025	0.26350469351639	8.24552350702769	12.6135518325	13.0595239430588	332.983061897057	579.493257423611	12.6612147171581	363.658578888107	562.522172256944	0.2428662224711	7.79030211316734	11.8641362466223	5.26204936209641	9.1272925970292	261.582264579468	404.944322855169	253.604130784676	4.8451761510096	182.819670718495
NA	266.666666666667	2.54056379545455	0.432737820973101	0.711689761363636	19.978	790.941739583333	62.1504020256214	217.934182386364	2620.11666666667	0.895480829754425	1.73109486316643	38.857697574	0.244253653206664	8.65102663797968	11.301293722	253.540133192557	628.316148845212	10676.2375716111	34.9701104662603	1258.29434139222	1471.88839327222	0.479898643114383	17.9855462321543	20.8332126506463	4.88543451854663	142.619185477824	5132.81650017287	5995.9034262755	708.896371019026	9.6519563594243	2890.9219684816
NA	227.314814814815	5.00443406976744	NA	0.693019743589744	NA	1022.29980943152	NA	193.693099430199	NA	NA	3.23549272104231	NA	NA	NA	NA	NA	909.639261924081	NA	NA	NA	NA	NA	NA	NA	NA	NA	NA	NA	NA	NA	NA
NA	302.314814814815	5.26187583333333	1.17045949956662	0.84961484375	20.344	1671.79137962963	202.990913037469	284.241877083333	3304.35555555556	5.56137782073107	4.46360284123469	96.91045931	0.955681518739596	23.8660123457691	16.50116898	972.508734615918	1570.10487998332	15836.0736011806	184.568198532067	4203.60955731879	2996.31153434028	4.51820951020555	113.28986928338	78.1636621815075	19.5256436926999	882.355543940501	20135.9859326964	14326.0800633603	3825.03450378319	92.238371433176	18284.3450669578
NA	321.180555555556	4.36755372093023	1.20783489367438	0.878434813953488	20.3378571428571	1102.91787144703	189.390046939352	290.357908591731	2911.4246031746	5.42146615822333	3.82084569439279	91.0370033178571	1.02765575236485	24.6144326518696	16.9697277410714	898.169009054512	1211.67116243343	13762.3419447123	200.756715011634	3950.086699084	3051.38440900595	4.65010656766799	110.556843117218	76.5288223983369	21.0315946966367	960.506568512684	18766.4055723555	14556.6049658012	4201.42146975796	95.2649986710504	20136.3528231559
NA	216.203703703704	3.54668370833333	1.1868195407545	0.895959217391304	19.475	715.851513888889	81.9299853719302	204.41008442029	1409.77777777778	2.69464342557845	3.02340247890435	46.4933772925	1.18738647279722	23.1328318274178	19.2092372225	272.981599210479	678.118004562451	4710.93176444445	71.1508635109737	1600.22828239043	1221.20172866667	2.44542392669704	52.3344703858108	41.8053943572053	23.168999924453	236.255988575059	5327.83772474865	4066.29744165076	1390.49605756721	47.5446476868742	4613.90928566217
NA	192.824074074074	5.62925714285714	NA	0.989496166666667	NA	953.912974867725	NA	158.879533068783	NA	NA	5.4124611166319	NA	NA	NA	NA	NA	935.342371689139	NA	NA	NA	NA	NA	NA	NA	NA	NA	NA	NA	NA	NA	NA
NA	194.907407407407	3.86107769230769	0.858233125871237	0.850470480769231	21.06	456.567576923077	410.044715694036	121.943573183761	10062	2.81149794739794	3.39978624804654	68.9699205	0.842887603148342	18.0743896308483	20.6822889	1343.27124153457	423.201730989613	32952.29535	402.712965948652	8635.54171251639	9881.53803	2.76226003566688	59.2101467722006	67.7582873590896	17.7512129223041	1319.74646148528	28289.2923467181	32373.4039604539	8481.13506287861	58.1731963511444	27793.8604788801
NA	116.782407407407	7.00350117647059	NA	0.643856670967742	NA	1062.16991993464	NA	89.781666155914	NA	NA	4.53535128749148	NA	NA	NA	NA	NA	661.954794335185	NA	NA	NA	NA	NA	NA	NA	NA	NA	NA	NA	NA	NA	NA
NA	265.393518518519	5.801168125	0.66646215491279	0.7677673	20.0871428571429	38.5939635416667	39.5405362937892	8.78309111111111	6247.88492063492	2.74586078243907	4.71559265310133	81.5114704	0.861837623811708	13.0522280285457	20.379546	155.862862989673	37.3369933895667	3685.62975	81.3957755822169	782.902618617027	1924.7349	3.39723463742218	53.7326255853097	80.3331134001	17.0643849514718	320.849937978762	3086.08468719553	7587.016265565	1611.63635652789	67.2652458209592	6352.82877197948
NA	128.009259259259	7.39187635416667	NA	0.75636675	NA	953.262623263889	NA	115.353446458333	NA	NA	5.72140547626925	NA	NA	NA	NA	NA	853.04454891946	NA	NA	NA	NA	NA	NA	NA	NA	NA	NA	NA	NA	NA	NA
NA	216.898148148148	5.21879166666667	NA	0.747420633333333	19.73	405.544032407407	NA	85.9082181481482	4264.18055555556	NA	3.64003769338117	NA	NA	NA	NA	NA	329.192106300504	NA	NA	NA	NA	NA	NA	NA	NA	NA	NA	NA	NA	NA	NA
NA	230.439814814815	4.04357410714286	0.908468931404598	1.00500064285714	18.6633333333333	732.521381944445	32.1716283879306	159.157500992064	537.5	3.71541123348934	4.04922062088348	76.7956151166667	0.888677404427018	17.0952627430449	17.8413368616667	128.821417510236	771.102688797385	2152.477875	36.6351666249692	622.521009306456	612.0808125	3.62672384200993	69.7949708619659	73.2381429837869	16.7809522253248	146.835896395281	2492.69442882307	2453.51084780313	708.890474193154	68.3768149839392	2841.27459524869
NA	287.5	3.3989424375	0.79794566716386	1.19742110416667	19.87	753.233615740741	99.8183925277601	362.523788715278	2142.73148148148	2.62176268641048	3.88838000131396	65.9884405208333	0.963990679152835	15.8857530487377	24.15657275	294.696363626766	909.970275995269	6378.43683873843	124.432927529475	2059.24007063484	2666.95635421296	3.0850320383227	51.6749333418372	78.3814839547634	19.3132314369317	348.881223016416	5972.45273607587	7541.16092475424	2580.55354769657	61.1769491199412	7114.31440534603
45.2858422222222	303.587962962963	5.38635479166667	0.688582180875158	1.51444208333333	20.7421739130435	1643.24535763889	225.601017638344	501.712418402778	6116.33937198068	3.59317382825434	8.35481482862292	111.381410897826	1.03037611698506	14.2742197883681	31.1983083478261	1198.51695280992	2770.38926034559	32595.9632399155	368.640454478062	4797.97619334507	9973.32591323068	5.50649646190431	74.910168532811	171.344418712416	21.4894483500268	1994.22602238407	25581.3401451116	54142.9882280454	7873.93312903044	115.457895555607	42727.722603382
NA	178.240740740741	3.83621214285714	0.652147528957627	1.17466557142857	20.70125	273.710540674603	30.5658478947308	91.1354325396826	1678.04861111111	2.53911091179919	4.64941259242	82.5749884363636	0.803238379547008	13.4156637128097	25.4502254181818	92.0852134943325	278.408129654308	2806.54941424242	36.281001011191	648.895272431875	1128.97439075758	3.25559755902026	52.1464704824959	107.31001121081	16.5239415278339	109.946150571983	1954.21521078316	3337.37273214175	770.190651020474	66.8453547327718	2333.14309305834
NA	259.259259259259	4.62243364583333	0.985409652248201	1.19256607291667	20.6983333333333	1208.93399189815	248.063779238904	342.807889554398	4296.56481481481	4.00244429269803	5.45341489504	93.573236325	1.24930333433361	20.5418971626966	25.4160642833333	955.13268361014	1590.1255624538	16753.8147668056	331.621017495047	5169.42495993378	5732.48209444444	5.00159612030538	83.0578137268867	112.110373660507	26.0575560197052	1278.41834162825	19871.3116796726	22329.3502318438	6906.78736473228	103.896013098606	26583.6136226707
NA	144.560185185185	3.91554063541667	0.975933458781661	1.10205211111111	20.46	593.277934027778	4.34229388226302	158.539672716049	86.5	4.34508978496035	4.40240287168183	91.0145712	1.01046678396811	19.9874636885612	21.10989948	19.9087365489418	672.412927336982	397.03846	4.77178315669666	90.1460209957803	95.053985	4.50827981418527	89.0304390963245	94.1087446646832	20.7145787520793	21.8690620675746	413.305370756032	436.1259780684	99.0622183330227	92.4614935228404	454.001728522849
NA	293.75	4.15471752083333	1.06443823718463	1.16117910416667	20.0933333333333	759.001611805556	334.755107585345	343.476692361111	5533.30555555556	4.59782223620524	4.74300237881958	89.7294364611111	1.0305145883132	21.4490682382006	19.2857003972222	1033.67543507572	885.565337433351	17281.5728087654	346.500257033643	6885.05967327836	5715.67414629321	4.36343165637128	92.1255970240095	84.5226108403957	20.7928954245359	1064.91190522718	21174.5977757414	17753.191745573	7129.51152951095	87.5272647773021	21827.2145097672
NA	295.949074074074	5.99432660416667	0.898299002653605	1.41124684782609	20.7253846153846	1812.07255150463	113.712758347076	462.526447463768	2444.46581196581	4.88634262073391	7.96595878601348	108.686563093462	1.25747356747831	18.623063300692	28.6292459291667	716.241956632205	2682.95795567963	15003.4474007906	163.158793749288	2390.63005435216	3496.05116496528	6.25659986302315	100.308398862619	138.558785914616	26.1081716171665	929.446703838463	14901.3534851435	19459.0914020598	3442.98027871442	128.566926316343	19374.8899626106
NA	284.722222222222	3.19879391304348	0.432295409855559	1.17242	21.33	725.812122584541	22.5421932479798	311.243123188406	1234.94166666667	1.4537210448224	3.70711202469239	76.277776365	0.515855584798774	9.18359879063405	25.419764685	92.407179600262	827.007387858508	5043.74509975	25.2429881521721	506.271349011808	1381.51822820833	1.74176413101363	31.3381720411244	91.3406769277639	10.9540158097618	103.552223393018	2075.24967207858	5646.93953694975	566.932721362173	37.5319197294606	2325.55366019755
NA	284.606481481481	3.594486875	0.707506340654852	1.47518644736842	22.6947619047619	853.411674768519	215.749959472462	430.774561769006	5540.71428571429	2.47298456694786	5.47789817664605	81.4913248238095	0.987357950648004	16.2650524775421	31.4127133712121	633.570401660456	1395.35171244432	15960.2464745172	309.687994859003	5147.45505937671	7392.88446483586	3.57645768876643	56.5991413186459	116.029249835941	22.670685472919	978.046472144122	15217.8082378015	22436.9127848022	7420.09343341338	81.8835987093028	23634.7246929662
NA	261.921296296296	3.049190625	0.499869271189955	1.48952206521739	22.852	701.103840277778	95.1473103495286	404.139749094203	3406.89166666667	1.00584840300499	4.75116526601304	46.26064064	0.644949082638219	11.4869322397653	29.28301991	159.41811649041	1161.84031535937	6001.49988294444	119.808813916719	2248.52412614944	4213.98015423611	1.29265521112855	23.0232424148963	59.0881561729348	14.8290671090903	195.189943033146	3738.28061753974	7224.48944438474	2838.64971016255	29.5980045305546	4589.10897369035
86.303537804878	239.12037037037	5.116373125	0.594806581599273	1.45295708333333	23.4323076923077	1201.644921875	210.724377228386	373.148192708333	8253.3952991453	3.46215842852322	7.5012480021875	136.203429165385	0.960741880414603	13.9438727650271	37.5363424730769	1090.18830608614	1895.3993788393	42492.9616338462	355.203728305342	4971.78617925586	13724.4727463034	5.55436367160243	80.9454959108733	216.81249212915	22.5386900006654	1846.4927302166	25717.1651629884	70982.9691748828	8376.58479781707	129.973575807336	43535.0120671233
81.8966371794872	256.828703703704	4.1995149375	0.586854706044514	1.61654025	23.0418181818182	718.817780902778	46.5223755712355	361.952707638889	1458.83838383838	2.98345946952995	7.21747557217525	119.653559045455	0.837269536676969	13.5078447139873	34.781749525	107.770791632612	1097.19930743354	3712.80275247475	12.9518224927377	1128.9650606849	574.087001444444	4.70723035943779	68.0790867010644	194.107709911712	19.1523443569568	65.9519370379971	2556.92104322205	2938.41742794861	291.911966685337	107.542648435364	1486.57803144923
88.397744047619	220.25462962963	5.205410625	0.709001694252594	1.707318	23.2966666666667	1173.65502430556	90.022118014238	337.74764845679	2429.98611111111	4.35876203199435	8.67136659574111	143.248977066667	1.09534342013305	16.614319388036	36.2894067666667	563.569162801708	1827.88877099914	15202.7067827778	127.320608741455	2167.41514022008	3438.00959208333	6.69046644207915	102.085656496836	221.674337352773	25.6528407780973	795.917961526408	13567.3110472232	21478.5188330454	3065.72261999882	156.605520715451	19162.710424758
NA	249.305555555556	4.30082166666667	0.636451016980047	1.842776	24.139	1071.13106539352	105.898319509551	398.731811111111	3674.78333333333	2.74079931384698	7.4022360117975	105.489900555	1.20003568460663	15.3314326697837	46.0899262833333	431.17669942723	1505.41679548963	15841.5599448889	200.372414849567	2603.89787969688	6692.79283592593	4.78687909137211	65.9762709327441	187.415848016971	28.9433305288279	693.529981819896	10570.4074146557	24397.8818493161	4940.50960832776	115.18223698017	17018.2329793567
NA	237.731481481481	4.34342341666667	0.83793479283158	1.5885798	24.3922222222222	762.988581712963	240.284354602305	246.412709861111	7426.35185185185	3.55406462704293	7.61021612860575	102.955875866667	1.21887547937574	20.4318657769964	35.24459779125	849.21209662186	910.789885363287	26698.8252490123	237.805784537529	5946.49898225527	7567.00889475694	5.53923108824516	86.4780745608245	158.89250954421	29.5135521693525	987.501250035339	20949.4501739185	31357.4599315574	5816.35412755525	134.121254902898	24115.6684877328
NA	184.722222222222	2.97506447619048	NA	1.49531085714286	NA	664.466236441799	NA	377.596676587302	NA	NA	4.68018718792	NA	NA	NA	NA	NA	1185.05664968693	NA	NA	NA	NA	NA	NA	NA	NA	NA	NA	NA	NA	NA	NA
NA	172.916666666667	2.91833642857143	0.273820553216053	1.41554238095238	22.395	319.347859126984	0	227.925475529101	0	0.713450895664543	4.19896501289643	55.7760188	0.346478620250115	6.15216307402922	28.269728175	0	459.034658124702	0	0	0	0	0.905395064380345	16.0602264569711	70.6068056124365	7.78540346330529	0	0	0	0	20.3829978337915	0
82.2407845238095	191.435185185185	3.73135255813953	NA	1.71371285714286	NA	754.529636950904	NA	426.781960978836	NA	NA	6.25390461877857	NA	NA	NA	NA	NA	1495.8471492167	NA	NA	NA	NA	NA	NA	NA	NA	NA	NA	NA	NA	NA	NA
NA	136.226851851852	3.6678277826087	NA	1.49967825	NA	393.834107004831	NA	185.516433680556	NA	NA	5.53811951446787	NA	NA	NA	NA	NA	479.612790848558	NA	NA	NA	NA	NA	NA	NA	NA	NA	NA	NA	NA	NA	NA
NA	193.865740740741	5.41281294117647	NA	1.6859303125	NA	1122.65236111111	NA	295.252768229167	NA	NA	9.11765366002187	NA	NA	NA	NA	NA	1801.75061923864	NA	NA	NA	NA	NA	NA	NA	NA	NA	NA	NA	NA	NA	NA
NA	234.490740740741	5.65428520833333	NA	1.96070102564103	NA	1213.41817476852	NA	333.718781339031	NA	NA	11.3836287363487	NA	NA	NA	NA	NA	1804.99736043152	NA	NA	NA	NA	NA	NA	NA	NA	NA	NA	NA	NA	NA	NA
NA	139.814814814815	6.6734	NA	1.94098565217391	NA	760.871582175926	NA	287.698155797101	NA	NA	12.6341459789565	NA	NA	NA	NA	NA	1541.43561164185	NA	NA	NA	NA	NA	NA	NA	NA	NA	NA	NA	NA	NA	NA
NA	229.976851851852	7.58103555555556	NA	2.27058033333333	NA	1071.40607021605	NA	356.535082407407	NA	NA	16.6139346418167	NA	NA	NA	NA	NA	2891.59584652235	NA	NA	NA	NA	NA	NA	NA	NA	NA	NA	NA	NA	NA	NA
NA	158.912037037037	9.67923975609756	NA	1.88985853658537	NA	1110.46934214092	NA	232.008609756098	NA	NA	18.2643553779963	NA	NA	NA	NA	NA	2026.39213642505	NA	NA	NA	NA	NA	NA	NA	NA	NA	NA	NA	NA	NA	NA
NA	160.416666666667	6.1811705	NA	1.81342603448276	NA	767.725732870371	NA	256.572196360153	NA	NA	11.3049040064914	NA	NA	NA	NA	NA	1380.01614398614	NA	NA	NA	NA	NA	NA	NA	NA	NA	NA	NA	NA	NA	NA
NA	183.796296296296	4.65112148148148	NA	1.54442714285714	NA	272.370069958848	NA	95.6392354497354	NA	NA	6.44534748883333	NA	NA	NA	NA	NA	508.374230025331	NA	NA	NA	NA	NA	NA	NA	NA	NA	NA	NA	NA	NA	NA
NA	81.4814814814815	8.49602757575758	NA	1.53326419354839	NA	946.690577441077	NA	119.073353046595	NA	NA	12.8997844977484	NA	NA	NA	NA	NA	1235.44649013257	NA	NA	NA	NA	NA	NA	NA	NA	NA	NA	NA	NA	NA	NA
NA	71.1805555555556	7.70572125	NA	1.55390125	NA	264.440690972222	NA	42.9989739583333	NA	NA	11.909835710125	NA	NA	NA	NA	NA	403.548436631354	NA	NA	NA	NA	NA	NA	NA	NA	NA	NA	NA	NA	NA	NA
NA	118.865740740741	3.91885754545455	NA	1.58126918604651	NA	430.17746824495	NA	203.098973514212	NA	NA	6.24917553730756	NA	NA	NA	NA	NA	688.634250248553	NA	NA	NA	NA	NA	NA	NA	NA	NA	NA	NA	NA	NA	NA
NA	140.509259259259	7.92021855555556	NA	1.32219015789474	NA	1181.31100524691	NA	193.227474195906	NA	NA	11.0896729468921	NA	NA	NA	NA	NA	1619.27855287973	NA	NA	NA	NA	NA	NA	NA	NA	NA	NA	NA	NA	NA	NA
NA	152.083333333333	7.17122545454545	NA	1.09601	NA	1092.7372516835	NA	149.246223958333	NA	NA	7.9024790927125	NA	NA	NA	NA	NA	1210.86872904589	NA	NA	NA	NA	NA	NA	NA	NA	NA	NA	NA	NA	NA	NA
NA	99.4212962962963	9.68099590909091	NA	0.94857795	NA	1207.10892234848	NA	84.8793103472222	NA	NA	9.336409887388	NA	NA	NA	NA	NA	1091.09133253665	NA	NA	NA	NA	NA	NA	NA	NA	NA	NA	NA	NA	NA	NA
NA	173.726851851852	5.00718645833333	NA	1.10192195652174	NA	815.579449074074	NA	181.19527173913	NA	NA	5.43688855817	NA	NA	NA	NA	NA	817.048380534365	NA	NA	NA	NA	NA	NA	NA	NA	NA	NA	NA	NA	NA	NA
