"LE"	"Kin"	"u"	"De"	"VPD"	"Twater"	"Kin_u"	"Kin_De"	"Kin_VPD"	"Kin_Twater"	"u_De"	"u_VPD"	"u_Twater"	"De_VPD"	"De_Twater"	"VPD_Twater"	"Kin_u_De"	"Kin_u_VPD"	"Kin_u_Twater"	"Kin_De_VPD"	"Kin_De_Twater"	"Kin_VPD_Twater"	"u_De_VPD"	"u_De_Twater"	"u_VPD_Twater"	"De_VPD_Twater"	"Kin_u_De_VPD"	"Kin_u_De_Twater"	"Kin_u_VPD_Twater"	"Kin_De_VPD_Twater"	"u_De_VPD_Twater"	"Kin_u_De_VPD_Twater"
NA	152.662037037037	6.16666666666667	0.462117091874643	0.223436161486909	12.5366666666667	1153.125	36.5492284167058	54.9005991015933	1071.72222222222	3.08831401805847	1.5109080397388	84.0083333333333	0.0690516575496721	5.79717768524868	1.89687641315481	273.440508130204	424.075592440706	8043.78703703702	7.91992491591239	453.382790051608	233.285798478272	0.477246552064992	38.7496240297195	13.1737745651537	0.864770371613053	62.3915621424142	3393.73606973799	1842.37220554488	98.3187669524052	5.97683942246602	774.864193148297
NA	169.097222222222	4.75	0.431891932140372	0.241605124320753	12.3712962962963	1138.54166666667	102.142836856085	69.8440723020688	2799.26440329218	2.36395172517316	1.36570114957322	66.6916666666667	0.129015638694668	5.34502501945726	3.56605163518311	689.046306985483	478.226541239864	18856.7026748971	42.0672346261837	1267.94407478098	1156.92297916604	0.777904740574564	29.2612030066771	21.3714862183792	1.60012348327518	288.347571677919	8557.09965371521	7924.41949943641	522.487043086183	9.64692738028836	3582.55329731954
NA	183.101851851852	2.04166666666667	0.475900734371188	0.257807392404664	12.8742424242424	389.930555555556	90.497365463497	98.1775668846272	2297.4978956229	0.955363195582042	0.554743160011031	26.4818181818182	0.124527059859641	6.10346906146004	3.3163955300426	194.377473683199	207.530129199227	4949.85058922559	50.5104548368126	1144.98041703974	1249.6168122982	0.2703299441852	12.3225167375917	7.1996878158291	1.59582033572305	108.563886059762	2471.49813341809	2662.59566753261	638.446163775619	3.47265515245106	1376.6850555163
104.720520833333	270.486111111111	4.91666666666667	0.58787812362833	0.396749164715364	12.7895833333333	1506.13425925926	160.569178622002	168.204440130668	3459.31134259259	2.92400224296952	2.11617036360204	62.9319444444444	0.245183751391389	7.53312361797473	5.09441781636851	899.177882568446	942.805996207661	19279.8688271605	101.829870775793	2058.21705514788	2155.60393679029	1.31525935486091	37.5051459580982	27.1971584550878	3.15485841481072	573.859734668791	11536.2738243541	12094.4990382575	1307.63524028549	16.9396587339383	7376.30665395431
130.845779166667	297.106481481481	4.33333333333333	0.764007442415183	0.486556998296879	12.7159722222222	1475.34722222222	235.499610551081	224.319919470934	3782.40547839506	3.30434619103961	2.32911977330925	55.1645833333333	0.38143399005792	9.71875468025568	6.21978240481614	1162.08346077325	1097.78369582174	18759.2708333333	179.723261276382	3000.43688025604	2865.15014963524	1.81964488437021	42.0830866847555	29.7689555510503	4.87855361075447	874.262134393374	14788.177461433	14006.9335343843	2297.03291593405	23.2703238583692	11162.8922765467
NA	302.893518518519	2.91666666666667	0.724308525227927	0.466713869687935	12.9430555555555	961.111111111111	227.341030962352	242.703914918686	3943.1288580247	2.11713159943893	1.48648317680948	37.8868055555555	0.342764469015222	9.37662295552694	6.0925704619819	727.241905724009	777.688809227206	12589.1010802469	184.935261161575	2962.82695324015	3169.73745911382	1.09889267238747	27.5103666302492	19.4995501375169	4.47707154135846	598.149986750151	9535.62695082032	10220.7007925988	2417.52938832209	14.424265175276	7867.18793098147
NA	290.046296296296	1.66666666666667	0.724410952606811	0.552028280290034	13.5201388888889	697.337962962963	212.60081406829	264.591487676622	3903.40084876543	1.24407598116917	1.26224302327611	22.7958333333333	0.405437186487749	9.79883683469214	7.57294070658098	524.983186635299	696.052417598382	9465.74845679013	196.178897816117	2864.25620993967	3577.57158783852	0.951089833787531	17.0242097682403	17.4099980716726	5.56690042666954	527.288757742141	7129.33573508966	9458.81362285655	2654.23510834335	13.1234884480718	7166.30733438326
NA	268.75	1.5	0.721979531150016	0.771093243694296	14.65	467.939814814814	188.585017908412	349.073814464004	3593.3574879227	1.13816509070308	1.43577318536394	22.8514492753623	0.569834999242671	10.6033968021497	11.1019447449763	354.938134071538	624.276565016847	6709.76449275363	245.490671442466	2764.29898045668	4645.41764308065	1.12497397858969	17.1228253341049	21.7078138903403	8.51784363776226	475.428769309489	5261.23294897227	8955.12814699161	3614.81693345045	17.0124560513358	7069.20346708302
NA	303.472222222222	3.79166666666667	0.691317098527507	0.920235140669182	15.4631944444445	1294.56018518518	218.914692057058	458.603315705372	4702.69868827161	2.60921938362937	3.98457013784823	59.0590277777778	0.645539754611438	10.6872614098736	14.3321258218629	936.562294292945	2020.92830251151	20150.875771605	335.907404568628	3394.69118762057	7128.01006628708	2.79001744701083	40.624645871685	62.3513621898369	10.0536093984618	1480.39534586689	14583.754698756	31512.5403100823	5223.98694891785	43.6473730071742	23091.2040159251
130.098545	175.694444444444	6.125	0.664648061659349	0.454877310583559	14.968115942029	994.212962962963	86.8591517548064	131.284708199962	2733.73993558776	4.4026155841426	2.878052634488	89.5514492753623	0.278235876279966	9.92309124337759	6.81743937956485	523.969566916849	687.284400456087	15488.2387278583	61.8537661431664	1301.83254133773	2045.70391266795	1.94767776846063	65.4519480489513	42.3756894946671	4.14049091143083	336.644150857324	7883.96401482667	10725.4186955298	926.132489069743	28.920858894166	5058.46708490606
264.512729545455	268.518518518519	8.125	0.976095076832302	0.562731441946046	13.5208333333333	2565.27777777778	259.917178208803	190.749759082115	3592.49421296296	8.01107721021236	4.82200777728894	110.046527777778	0.553439474627873	13.2242727194489	7.60408717939443	2471.75984606003	1819.34189745629	34290.6114969136	186.030862921369	3480.78833651425	2555.07589725002	4.76069697070435	108.703510897493	65.1845192809883	7.49114603504049	1766.12453005886	33072.6711287032	24349.8951024714	2494.29125098687	64.4592150467088	23660.990691313
NA	175.115740740741	3.83333333333333	0.779398356159395	0.447959211398876	12.6771929824561	842.592592592592	112.151867002575	100.711939265587	1788.69639376218	2.81576302836617	1.95395316822795	45.3447368421052	0.332070671616458	9.88729682969073	5.26977119931058	548.463013417563	508.122259684994	8631.34990253411	65.7500069626545	1413.38656767544	1022.60452621632	1.4017188298473	35.7016354505683	22.0162679943251	4.21593577069663	341.90032316897	6932.83239806521	5257.36918581402	832.081604995125	17.8051836805965	4337.60131086993
NA	201.041666666667	4.41666666666667	0.743200379497389	0.358311743421985	12.0964912280702	1194.67592592593	181.765155045122	108.481889523797	3033.97417153996	3.76778353760332	1.95947301432622	60.459649122807	0.33271563962332	8.99888494347779	5.23020125047397	1096.01860516038	667.259174322361	18104.3031189084	101.282028763504	2195.98923396369	1651.9883740274	1.87785662830389	45.6036296628789	29.3493828406504	4.02757581939036	627.254930881823	13247.0405832855	10173.6160492681	1224.62917800313	22.7433117742977	7586.96231401434
104.7216625	280.902777777778	4.375	0.7495354340866	0.46380030440665	11.7333333333333	1542.82407407407	204.461460416472	173.645511408249	3300.67708333334	3.26272224171613	2.26508574971362	51.4222222222222	0.346760401372292	8.80030909826523	5.45485435214533	1127.35861155588	964.513950330039	18161.456404321	127.13671182456	2404.14449401078	2044.06624734095	1.68932070944229	38.3768282648409	26.6852516957597	4.08112787668943	708.476296681105	13279.3940735454	11373.0205589188	1497.48919897047	19.9161521578714	8358.57923371547
NA	263.078703703704	2.54166666666667	0.613068422833145	0.42811852405959	11.8277777777778	950.694444444445	147.269427157128	156.89749564592	3114.45601851852	1.49322855023996	1.38364707545997	30.4638888888889	0.250090333139432	7.24331929830929	5.12002961655415	531.67819574739	604.30450128884	11375.0424382716	87.8648712603196	1745.690735039	1869.42288081243	0.798225880865442	17.9058599896275	16.6981402465148	2.9926937307586	339.542960422009	6374.40930345998	7265.74283272753	1048.63598787304	9.64793276923201	4091.22366804221
NA	216.898148148148	4.20833333333333	0.515301858649733	0.429609848816902	12.1922222222222	1326.96759259259	67.4331019179311	138.512829857021	1730.77777777778	1.91532534310019	2.25398338760538	46.4133333333333	0.194035812299805	6.29137613705156	4.60248849983984	376.776554971156	861.321237541168	9745.72530864197	35.0172590657477	823.450496576901	896.889066730104	0.849505912359621	23.4268483158167	20.6573787378004	2.38076019475422	198.377259965852	4599.42293561883	5118.05660886061	427.731455282341	10.4131944448798	2421.13805753158
NA	305.439814814815	3.83333333333333	0.538872704256708	0.606591966835732	12.5712121212121	1757.87037037037	65.2176862806055	291.258130303101	2011.12373737374	1.39052577880756	2.98330004741765	35.9015151515152	0.232651422274621	6.84826178515429	5.50534784446561	310.976505256635	1726.832838389	9906.67087542089	39.7195575513946	787.527830399987	1229.00419175373	0.666028381405836	17.3625955893012	17.9437507892271	2.97295873720684	202.166072627392	3734.2939450953	6497.13957519069	481.311042953814	8.30574893003691	2430.81362726092
NA	290.509259259259	4	0.482287624814855	0.584930134369549	13.3910256410256	1733.68055555556	46.0612585503506	265.547576680676	1881.66666666667	1.36855500293554	2.91757642448981	42.0192307692307	0.157233786193494	6.46677687077759	4.85472442801174	216.788867485212	1629.57637094128	9051.75213675214	29.8416680457451	618.033995913922	1233.1184623068	0.52948092690907	18.2668690036643	18.0794715447358	2.12204408286671	142.496512969121	2903.16962954207	5992.65692386569	401.127857827753	7.12235163602138	1911.17056842631
NA	290.046296296296	2.875	0.405576575001191	0.532697614539203	14.7298611111111	1207.98611111111	107.954116638495	246.273925994333	4275.89699074074	1.16756120066368	1.94559123790708	42.8930555555556	0.208711650336452	5.99065212129743	7.90993674827673	469.728768192823	1073.98185891215	18009.1049382716	92.5408019719329	1602.01843126731	3637.16662606583	0.776957386375651	17.4913247619054	29.1548039829463	3.11439339857794	418.135066290219	7044.44703861548	16004.8264915511	1374.47364334689	11.7026435076903	6263.76619959504
NA	262.268518518519	2.45833333333333	0.480393255466039	0.561421725002815	16.1555555555555	823.958333333333	132.735493656092	222.4183949522	4303.46450617283	1.24505858602331	1.65026562753515	40.2798611111111	0.289369342936094	7.85657975254778	9.25891365900348	433.246705195868	732.810144249769	13647.9436728395	117.319674636336	2198.00606876651	3685.06499776311	0.883580723848784	20.6213452454245	27.4929817094742	4.81704569751101	397.087714867522	7232.38263399319	12228.1549347821	1957.84195388179	14.8325390290358	6667.34865736616
36.9037240625	318.981481481482	2.04166666666667	0.703633333857705	0.999491528212464	17.4326388888889	794.907407407407	233.144344261415	498.688432802931	5581.41396604938	1.46110225287571	2.41347686512137	35.7881944444444	0.748046828494912	12.3257425710166	17.7914042138117	583.477010543015	1259.08003689398	13926.2114197531	381.521815391947	4108.08731005163	8818.21624138955	1.82318845967763	25.7523369315565	43.0336092053876	13.3872228410304	962.278673667712	10288.5756984673	22269.1305402777	6784.11436596389	32.6768010583223	17108.6157530837
NA	152.430555555556	6.20833333333333	0.742974067279723	0.985896860069205	17.2742424242424	1250.81018518519	84.0522558065891	174.532712959115	2363.59006734007	4.28528276944886	6.38488228233751	98.2219696969697	0.758161028512303	12.7942585202586	17.0489196601717	668.169829560786	1433.99327134049	17815.4313973064	106.771065282149	1430.16472759335	2769.91802599093	4.68948750463231	72.5353744520634	102.123965432697	13.0068837268699	865.552051290446	11332.1310986219	21096.4383682158	1815.05176529472	79.3156352235033	14671.494646411
NA	238.657407407407	7.45833333333333	0.747660341555563	0.675972608297853	16.1333333333333	2197.22222222222	62.471054538525	226.61899002722	1151.41975308642	5.15161975384607	5.59851071329856	106.348148148148	0.446252780507714	12.1449272541408	8.85110144753539	552.002390979521	2130.1920867152	9754.35185185185	57.2188987983017	1038.2363277772	985.901382923615	3.3569578092832	84.1037572744323	64.1062136488085	7.31696474406726	533.79686803895	9210.17752360853	9017.95429503458	956.858026580821	55.2837733822199	8941.98773360413
NA	93.5185185185186	5.625	0.461621766811176	0.292937716837404	16.0416666666667	610.648148148148	40.1041128740179	30.6455009980202	1364.49459876543	2.27927210540067	1.72292290658432	78.8722222222222	0.111322198982021	7.4059208658533	3.81990987360662	254.798649325985	202.756466550557	8662.80478395064	13.1109522673203	642.522657801006	441.912810281237	0.573910101439125	36.5681589483024	19.5907571951665	1.78537998071513	83.3663722803601	4082.75368674036	2806.43057090378	210.005742994312	9.20355816739275	1335.46184969408
NA	283.101851851852	3.5	0.584391769344569	0.469290712409818	16.2	1231.48148148148	170.318599069957	200.52280330517	4596.50655864197	2.04463547566864	1.88748906637644	56.6631944444445	0.286702263015874	9.49941954439305	7.63998804734266	749.293865351083	890.238603542653	20015.8584104938	123.892952643289	2771.54253129932	3265.3295050389	1.16184668930685	33.2083917297527	30.7408022543784	4.67976380381788	553.8377930811	12203.775001449	14506.0763313144	2020.97339100024	18.9681668273613	9039.14871665853
50.9984388888889	330.787037037037	1.875	0.710294206530386	0.657802099344118	16.9565217391304	674.189814814815	215.72483901297	348.749471892796	5258.03542673108	1.32455493053128	1.50993920646461	31.2028985507246	0.448524099487252	12.0598639130641	10.5675308887963	436.499379584725	773.119640672377	10313.2226247987	222.517611179543	3593.82198150508	5322.67849650531	1.03005703378496	22.6758558280175	23.5694530490529	7.68939637526733	487.595458536505	7315.7981106837	11273.1990096814	3721.89839866955	17.7486360857858	8200.80897014139
NA	331.944444444444	4.29166666666667	0.739305007621762	0.524998938421439	17.4416666666667	1649.4212962963	240.35340844159	250.089728303498	5721.02430555556	3.44177214176052	2.66596856249868	74.79375	0.416338678206472	12.9136382147822	9.12415471430119	1207.12016126383	1276.90554467007	28439.8958333334	186.323082324307	4148.42266139032	4311.24721949689	2.18092890837503	60.1169979714967	46.3622939152512	7.2518500946311	954.575114138709	20841.728145932	22012.3538682173	3216.12775815283	38.0198046236515	16475.3404440018
148.715602272727	339.583333333333	5	1.00980486196151	0.655125115777184	17.2034722222222	1870.94907407407	335.270467184711	335.336687992844	5842.10262345679	5.12384589191568	3.64394000186146	86.1680555555555	0.68095836432065	17.3987188671139	11.3178058020605	1877.99418015715	1893.67751507893	32240.1813271605	339.811541553955	5778.14659330273	5787.8198313202	3.85304638962026	88.4506659531668	63.0631908273288	11.7844074971686	1948.92388714769	32420.6527676835	32731.4513051082	5874.2228525614	66.7963222807316	33739.1441653299
NA	342.361111111111	4.33333333333333	1.03029014047849	0.677788928461874	16.9666666666667	1427.66203703704	0	355.890288015561	0	3.09087042143547	3.0914825802289	50.9000000000001	0.138682059737837	17.4805893834518	2.28379578506483	0	1459.01198950946	0	0	0	0	0.41604617921351	52.4417681503553	6.8513873551945	2.35297228021863	0	0	0	0	7.05891684065589	0
NA	338.888888888889	4.5	NA	1.02878731046275	NA	1609.83796296296	NA	544.697698864088	NA	NA	5.11093813951486	NA	NA	NA	NA	NA	2673.07272397642	NA	NA	NA	NA	NA	NA	NA	NA	NA	NA	NA	NA	NA	NA
NA	323.611111111111	5.79166666666667	NA	0.891185794654199	NA	2422.22222222222	NA	439.188780733713	NA	NA	6.10886409687733	NA	NA	NA	NA	NA	3320.31565321286	NA	NA	NA	NA	NA	NA	NA	NA	NA	NA	NA	NA	NA	NA
NA	319.675925925926	4.25	NA	1.02830390938048	NA	1711.9212962963	NA	480.491756430991	NA	NA	4.74333728806285	NA	NA	NA	NA	NA	2561.74419385025	NA	NA	NA	NA	NA	NA	NA	NA	NA	NA	NA	NA	NA	NA
NA	316.087962962963	3.625	NA	1.17535615638429	NA	1176.50462962963	NA	617.81708837441	NA	NA	4.38788260567121	NA	NA	NA	NA	NA	2317.76388950097	NA	NA	NA	NA	NA	NA	NA	NA	NA	NA	NA	NA	NA	NA
NA	282.060185185185	4.625	NA	0.478789486235993	NA	1462.15277777778	NA	215.141122628021	NA	NA	2.39648739280359	NA	NA	NA	NA	NA	1115.04872469172	NA	NA	NA	NA	NA	NA	NA	NA	NA	NA	NA	NA	NA	NA
NA	76.8518518518519	4	NA	0.262072190376697	NA	314.583333333334	NA	26.9192416247962	NA	NA	1.05629593828091	NA	NA	NA	NA	NA	105.604097401329	NA	NA	NA	NA	NA	NA	NA	NA	NA	NA	NA	NA	NA	NA
NA	107.75462962963	4.91666666666667	NA	0.235418443809616	NA	627.662037037036	NA	29.5671897555837	NA	NA	1.25080812658184	NA	NA	NA	NA	NA	183.570047104421	NA	NA	NA	NA	NA	NA	NA	NA	NA	NA	NA	NA	NA	NA
NA	219.328703703704	8.04166666666667	NA	0.398525881641821	NA	2039.46759259259	NA	138.053013007126	NA	NA	3.56517125010018	NA	NA	NA	NA	NA	1355.35763458461	NA	NA	NA	NA	NA	NA	NA	NA	NA	NA	NA	NA	NA	NA
NA	167.24537037037	6.08333333333333	NA	0.257727547975519	NA	1125.23148148148	NA	70.6209831640983	NA	NA	1.59704646520552	NA	NA	NA	NA	NA	475.858742433797	NA	NA	NA	NA	NA	NA	NA	NA	NA	NA	NA	NA	NA	NA
NA	260.185185185185	3.625	NA	0.36048877256899	NA	1009.60648148148	NA	165.529112408208	NA	NA	1.48637189269932	NA	NA	NA	NA	NA	676.648530804712	NA	NA	NA	NA	NA	NA	NA	NA	NA	NA	NA	NA	NA	NA
NA	218.865740740741	3.375	NA	0.493942153437207	NA	717.129629629629	NA	142.321145630994	NA	NA	1.6580635552465	NA	NA	NA	NA	NA	460.890713006269	NA	NA	NA	NA	NA	NA	NA	NA	NA	NA	NA	NA	NA	NA
NA	182.986111111111	3.33333333333333	NA	0.393724545592437	NA	725.347222222222	NA	105.943009231598	NA	NA	1.48781134626625	NA	NA	NA	NA	NA	431.958542586323	NA	NA	NA	NA	NA	NA	NA	NA	NA	NA	NA	NA	NA	NA
NA	137.615740740741	4.04166666666667	NA	0.2794124582706	NA	557.060185185185	NA	68.5260053971195	NA	NA	1.1852163893951	NA	NA	NA	NA	NA	290.954096479717	NA	NA	NA	NA	NA	NA	NA	NA	NA	NA	NA	NA	NA	NA
NA	298.032407407407	4	NA	0.762524592097453	NA	1397.91666666667	NA	372.201598353062	NA	NA	3.13276167442135	NA	NA	NA	NA	NA	1689.06863462627	NA	NA	NA	NA	NA	NA	NA	NA	NA	NA	NA	NA	NA	NA
NA	278.587962962963	2.45833333333333	NA	0.510500106026545	NA	651.62037037037	NA	231.901600375104	NA	NA	1.29801483713911	NA	NA	NA	NA	NA	523.836590024591	NA	NA	NA	NA	NA	NA	NA	NA	NA	NA	NA	NA	NA	NA
NA	205.902777777778	2.5	NA	0.309279407644319	NA	631.944444444444	NA	121.270148045494	NA	NA	0.891744658957583	NA	NA	NA	NA	NA	371.216113886997	NA	NA	NA	NA	NA	NA	NA	NA	NA	NA	NA	NA	NA	NA
NA	293.171296296296	2.79166666666667	NA	0.639757035985517	NA	1107.29166666667	NA	292.644690633594	NA	NA	2.08573353978629	NA	NA	NA	NA	NA	1122.23980417822	NA	NA	NA	NA	NA	NA	NA	NA	NA	NA	NA	NA	NA	NA
NA	133.217592592593	1.41666666666667	NA	0.430054143628056	NA	221.643518518519	NA	89.3098765471638	NA	NA	0.67674295879304	NA	NA	NA	NA	NA	148.563144777213	NA	NA	NA	NA	NA	NA	NA	NA	NA	NA	NA	NA	NA	NA
NA	273.032407407407	3.33333333333333	NA	0.43202752209329	NA	1049.4212962963	NA	224.280668955314	NA	NA	1.72061861609883	NA	NA	NA	NA	NA	897.516064708493	NA	NA	NA	NA	NA	NA	NA	NA	NA	NA	NA	NA	NA	NA
NA	186.458333333333	3.16666666666667	NA	0.426133374148102	NA	631.712962962963	NA	147.166552942559	NA	NA	1.30864044565505	NA	NA	NA	NA	NA	452.281445936217	NA	NA	NA	NA	NA	NA	NA	NA	NA	NA	NA	NA	NA	NA
NA	252.662037037037	2.79166666666667	NA	0.532162296772763	NA	924.768518518519	NA	192.497848994439	NA	NA	1.87872060406899	NA	NA	NA	NA	NA	760.917552694285	NA	NA	NA	NA	NA	NA	NA	NA	NA	NA	NA	NA	NA	NA
NA	327.083333333333	2.58333333333333	1.06494429187866	0.64798547652792	20.4666666666667	1115.27777777778	355.628171685468	308.420609682166	7093.90795206972	2.44245686681955	1.81165100882597	47.9754901960784	0.809978051559362	21.8238807992942	15.40816864772	1142.05290862697	1035.90454124677	23266.9989106754	369.422084717711	7274.76752716176	7236.22978737191	2.05134496337588	49.8803548145107	40.0640845075793	16.6708702800567	1161.16550479426	23287.7144788681	23293.283404035	7576.91240248218	42.058708108844	23737.1870984265
NA	216.898148148148	4	0.91681722461694	0.710559519727142	20.3925925925926	1151.73611111111	227.239389376881	233.75674768152	5486.68724279836	3.61836195287042	3.36885496143839	82.7185185185186	0.651374187327003	18.6972688071855	15.1358231539358	1225.59593351647	1304.90059914914	29514.341563786	249.810647024371	4627.39988021552	6040.44748998178	3.1807442787409	73.800603364912	74.8718303899368	13.2886779322929	1413.42728947208	24976.9225016677	34064.3860437848	5091.22307977218	64.9237309804084	28823.9574708114
NA	341.550925925926	2.83333333333333	1.04290870441725	0.736488213610373	20.3822916666667	1268.63425925926	209.282766952235	385.918892923831	4188.69502314814	2.50575358771093	2.38361814416686	49.4989583333333	0.601556143247512	21.324953287639	11.1933488932756	708.148673916802	1476.17492704711	13931.6232638889	209.51060940929	4267.79838606084	3989.59442352838	1.58202092423221	51.031132954901	29.7016834079658	12.3991363175466	743.452854805315	14446.8873638029	14058.8965426943	4289.40569887611	32.5058235559386	15215.6870833616
NA	336.574074074074	2.125	1.09256264837901	0.891920025255347	21.1909722222222	840.277777777777	360.319022954649	452.974867968497	7118.0574845679	2.31467999485595	2.24063155008894	45.4923611111111	0.977685458187071	23.1702510384557	19.0436987520757	912.636244721522	1144.91484885318	17806.6647376543	487.096568979714	7633.46114689062	9612.17853224155	2.47934446448173	49.6049933996068	48.0238500570231	20.9125448459331	1248.10588289394	19371.8253558805	24336.9906241844	10355.0916137615	53.2317951465955	26575.4096767881
101.079652631579	335.99537037037	3.875	1.1212516681668	1.23107286266644	21.8423611111111	1573.14814814815	370.107062776011	641.594961057603	7364.06057098765	4.37015129622194	5.69192320619092	85.0208333333333	1.39894024228786	24.5148292271748	27.0556271561153	1745.93855116488	3147.74158587891	34612.8954475308	714.976539605665	8115.64817473624	14102.3717152374	6.47028648565428	95.9532572416475	125.527245815062	30.7619957516266	3516.30909221	38425.9690085759	69393.4253236591	15718.7109804543	142.739552100823	77527.5249665617
94.2567954545455	336.574074074074	3.95833333333333	1.0036587486213	1.28725007964996	21.9123188405797	1564.46759259259	334.782717632288	625.340422692076	7363.63123993558	3.98077023332748	5.54454222898772	86.7326086956522	1.24052656361323	21.9839925810971	27.6457181111033	1576.47253591849	2968.07028147339	34450.0241545894	629.214359734844	7331.54076098631	13673.475105626	5.41637921328767	87.2500913054107	119.618847698173	27.3377787735006	3024.20258206281	34535.1627703467	65376.8280128118	13825.9539937324	119.314793234686	66435.6755368361
104.447391666667	324.768518518519	3.125	1.03974621039854	1.52777696473781	22.2930555555556	1236.22685185185	378.655315419062	722.343131224859	7234.01813271606	3.23848267189581	5.00197514396415	69.6013888888889	1.75170940668283	23.2066591640867	34.1974741286988	1417.02790136435	2692.42940837598	27470.9702932099	868.952186943954	8448.59121284089	16137.5035887744	5.65989348585043	72.1892591752738	111.669255188778	39.2624847514028	3176.96557905664	31537.5255833362	59987.7979299711	19438.0128746576	126.508012230537	70873.9441197076
NA	198.611111111111	4.58333333333333	0.731340397597751	0.505414180419599	22.4284722222222	1250	134.812468322909	145.57397513752	4461.08796296296	3.54409686730964	2.89130817184578	103.003472222222	0.398871500696443	16.4199902251832	11.3651015307845	876.028171378449	994.57156372727	28085.3279320987	102.246456263881	3031.11927178267	3271.55105316371	2.32435857310715	79.734478928052	65.0803849656548	8.97623133374046	713.225404884597	19702.5429865158	22352.8772678907	2299.79101359623	52.3611954527635	16043.5532159493
NA	276.273148148148	7.16666666666667	1.28643035429071	0.783979365333575	21.3971014492754	2565.625	379.440322816815	298.013188454177	5893.70370370371	9.26451363580373	6.15310371180597	151.754347826087	1.05818060539233	27.5130394798964	16.9126875986553	3531.32411481196	2795.32746030097	54812.1074879228	424.870798237891	8125.98672152387	6483.04028160961	8.38734073988901	198.323311917296	132.129643066492	22.6345192783864	3988.57523835101	75626.4739488348	60877.4398132746	9100.86765489164	179.522255816232	85437.216057464
NA	165.856481481481	8.08333333333333	1.16694803685084	0.640739987234169	19.9486111111111	1526.62037037037	191.722659294437	126.346634168972	3309.36535493827	9.35434995494129	5.53851896321179	160.547222222222	0.74535719913382	23.3129210471631	12.7238005528747	1769.39965439394	1185.05426666296	30432.4729938272	146.845603484396	3824.98017817562	2516.44811162164	6.41489584768816	185.992193897003	109.649226349321	14.8151737127123	1380.7473317869	35267.7222270486	23586.1661759197	2924.43168631342	127.081952761382	27478.5451754432
NA	112.268518518519	6.54166666666667	0.731577805749987	0.269074003206389	18.5777777777778	888.310185185186	100.864176953791	68.0870989537479	2638.80658436214	5.28476869961206	2.0137937588234	134.096296296296	0.215122646001664	13.6042118661233	5.36025734046	825.86127192433	570.740756014274	21465.787037037	57.7558132965274	1854.64712212485	1490.80845151935	1.65457197637017	98.2119243015688	41.2496426259234	3.99301057740131	491.541193329635	15184.0758050965	12614.9356933619	1061.24330919916	30.6783116801834	9031.98985393284
NA	197.222222222222	5.29166666666667	0.398011663023279	0.428112285000397	18.2294871794872	1456.71296296296	46.3913816953971	133.502907454982	2626.08974358975	1.74385642649349	2.80155732255819	84.1205128205128	0.0961508123699764	7.27020326395542	4.39357207176058	319.834543456186	1020.3846007546	17871.9017094017	21.0276606869415	844.852174694132	1168.07375005243	0.513479884604546	31.8381058293026	25.2045744788759	1.75713674536336	151.463692144394	5829.25422415404	8322.01474756383	383.399517043653	9.3782854007019	2763.53593280011
NA	208.333333333333	5.04166666666667	0.47735441779334	0.452736792914737	18.0433333333333	1339.00462962963	27.3889183934851	153.038347412813	1270.46759259259	2.12307396269839	2.60126670195196	82.9433333333334	0.092317680195964	8.61833724341049	3.52864597487767	142.468005290485	1011.63913490612	6602.89814814816	6.45532564991532	493.169076477465	300.594111396988	0.413830590965015	38.2982137446134	16.2829352329919	1.66607619039501	33.0652006299654	2565.48029838361	1537.36776870687	116.21219446077	7.46251634587693	595.280300169281
NA	241.550925925926	6.58333333333333	0.761857586862796	0.575948908770597	18.6157407407407	1959.02777777778	188.094606628369	210.989335686123	4797.60030864197	5.77263082918653	4.7757637354168	136.813888888889	0.515086486978842	14.2001316726405	12.15012628505	1555.23711582257	1826.715791144	38568.8014403292	170.43088377435	3515.84494767031	4201.24473245784	4.40862023832191	107.817949819883	101.887504526382	9.63622233337114	1464.61488005155	29117.5010572815	35090.7347044146	3191.41556726275	82.5505110885029	27463.29992749
NA	63.1944444444445	8.25	0.489219920631815	0.190790808372022	18.205	548.611111111112	18.2461270988043	10.6451495988022	860.259259259261	4.15984067050336	1.61793190332492	149.358333333333	0.167808426785021	8.95382402905514	4.86871369202995	165.381902690202	96.417971989201	7478.59259259261	4.11268091638927	330.931119880054	165.553103600946	1.40920559967815	76.1171560052837	40.7862891733808	3.08169515847596	38.0250132945928	3000.08297487604	1498.64689572578	74.6316803112195	25.8683609126302	690.105529030501
NA	172.569444444444	9.75	0.386320638552732	0.419232591480589	17.9515151515151	1839.58333333333	68.7864669960529	111.95481522522	3316.94654882155	3.66802904850107	4.11884633418498	176.983333333333	0.196460190308306	6.95396721934724	7.89001194169166	710.999764391662	1185.1323067485	35456.5361952862	50.9454077003881	1242.26523481139	2198.01819700829	1.87574983520207	65.9968122071106	78.0590250066662	3.54878897242154	524.461987733405	12832.0791564982	23261.3388736973	921.204014365071	33.870771464816	9477.58209676802
NA	223.148148148148	6.79166666666667	0.761811932079506	0.488450214024518	17.5460784313725	1617.36111111111	200.885575686234	110.476018308821	4793.04738562092	4.77142732802987	3.4151286469791	110.475490196078	0.382478328734236	13.3705972606144	8.69808782686654	1456.06423312104	800.694636607946	34771.7510893246	108.293769141125	3522.87256859999	2535.72722291762	2.49794275272021	83.7758025433847	56.9887876810601	6.71874319345927	782.965581827983	25529.6273792648	18358.6091594381	1899.93414039044	43.8910767005017	13733.659661464
NA	221.412037037037	3.54166666666667	0.698404545892459	0.350860246581248	17.3761904761905	1342.82407407407	38.8810427001801	152.937346282615	1060.30423280423	1.54530700842927	1.82180764949516	38.3702380952381	0.125068488180342	12.1414092329225	3.15368321195287	156.152444241352	973.588775499495	4278.62103174603	13.1471793249754	668.57762923162	353.15362263936	0.365413370683159	26.7998998589183	9.31522118227347	2.17377241719057	59.69604881185	2680.29920340387	1618.7947616145	226.289941333056	6.3299562920935	1025.00980960807
NA	68.8657407407407	2.16666666666667	0.445930888286595	0.079088079593339	17.2007246376812	148.726851851852	28.8727060218132	8.11870815531268	1193.65539452496	0.960552150914286	0.164748320238657	37.3768115942029	0.034596267026179	7.67231270663101	1.37091543240949	61.3206603501705	15.8781235411831	2584.47262479871	3.53054068913987	495.29541115475	142.808766033847	0.0712510857293995	16.5190399709873	2.85933129051431	0.594651062252296	6.72991391690433	1052.06225049509	279.252244742965	60.5440579565465	1.2245440658957	115.437342203865
NA	68.5185185185185	4.625	0.354865957066094	0.0720521526534456	17.1333333333333	440.393518518518	0	7.61618745241723	0	0.58620507936914	0.389940219069869	28.5333333333333	0.013627527733448	6.08056054930651	0.654166247933877	0	51.1778002211575	0	0	0	0	0.0211833619018869	10.0364595406886	1.02652293462685	0.233637893598462	0	0	0	0	0.362842657878766	0
NA	167.939814814815	4	0.70592088389854	0.300947502468283	17.0764705882353	728.356481481482	161.675683855485	83.2676371104434	3899.37636165578	2.43856457459955	1.15649906277204	61.2852941176471	0.291866255370515	12.0597375902167	6.77840032971599	692.465052709996	352.212686973208	16801.4923747277	85.8041545433438	2767.2519824232	1994.61947576291	1.08251887687082	41.6766579701426	25.4781472402794	4.9960064988342	361.514573620937	11850.1770512877	8421.83082451643	1470.19700056874	18.5356369817274	6194.09972614971
NA	317.361111111111	3.04166666666667	0.755469242332464	0.483374588376152	17.3103174603175	1331.59722222222	226.458177539002	242.015652610191	5372.54188712521	2.27280433766519	1.83884376520887	52.1904761904762	0.354973608176497	13.0841569067355	8.31076614556348	981.512142602488	1063.36275730887	22959.2504409171	178.665017174523	3961.44552803759	4203.23861332557	1.35428484337182	39.5729537420907	31.4504468881177	6.21566312476942	799.638768126221	17233.5306643924	18540.3653006803	3132.44882056886	23.8016926854484	14067.4472517297
NA	318.402777777778	2.04166666666667	0.827682444100948	0.590981612070665	17.7398550724638	895.138888888889	279.579589202103	305.269436543947	5424.04388083736	1.76371418262153	1.57458471143465	35.1239130434783	0.51703504203159	14.7601490617943	10.2196073840606	780.251318796469	895.912437843409	14775.2717391305	274.389209400146	4964.44081096964	5172.60791671271	1.37275217553536	31.7662998106337	26.2934237984148	9.27871575654856	789.271917388298	13912.553131955	14719.8974636496	4877.4494020285	24.7432689429592	14073.4272091952
NA	336.226851851852	1.5	0.840932544142487	0.788629056339398	18.1966666666667	699.537037037037	248.815683761019	393.836766058596	5496.98148148148	1.00371144284348	1.52563511389523	21.9011111111111	0.523415662807344	15.3053066458943	11.5067336321844	429.876473430484	863.628098814366	9539.62037037037	268.979318518315	4525.53697554274	5966.96587701653	0.852676987947286	18.3213821843682	18.8355308570574	9.57051630507973	502.211309084354	7832.99314118654	11180.480576525	4895.73420309673	15.5963592549569	9156.59576560747
NA	83.2175925925926	2.29166666666667	0.653595487676742	0.284413283838155	18.7041666666667	225.462962962963	39.7199738868106	21.2562961989998	1439.59722222222	1.28131574065258	0.6584845547156	38.3533333333333	0.199403680905735	12.2581433467626	5.4360886657064	95.1707924237739	63.1512921239448	3543.57638888889	10.2100868517566	733.824769030424	365.753884853382	0.394642178353012	24.0430374984985	11.341441482044	3.76487540603528	27.3551183686887	1760.66569444742	1012.6721124272	188.78692955554	7.44381668124674	506.480074972072
NA	290.277777777778	2.41666666666667	0.798725747364461	0.487532587160059	18.3036231884058	1007.98611111111	241.931284010498	238.456264845671	5415.70450885668	1.92636637597257	1.55512764918776	43.7942028985507	0.392537477315176	14.6067336913007	8.88058318675328	852.625065211891	857.32367859109	18882.2000805153	204.32998416032	4427.65582775905	4491.37784266503	1.27967130307658	35.2784737622525	28.4029967345486	7.21348046841752	743.955990115296	15618.7463786448	16201.959382767	3750.16140551021	23.51255704416	13662.8552021191
NA	148.032407407407	2.58333333333333	0.586872148535977	0.274029225165371	18.8719696969697	482.291666666667	84.8505948440175	56.9968046192296	2959.17718855219	1.48295201129416	0.798171192484332	48.0333333333333	0.168599282777641	11.0810166811445	5.48060337074515	279.959392648007	194.519426518819	9664.46548821548	33.8900862454535	1598.6920251282	1164.1631809365	0.4898551936942	27.9970501444309	15.9512334108129	3.18028285104585	116.960054261361	5275.87363573635	3976.85552290814	638.893208456174	9.2405294513026	2205.20144804572
NA	183.101851851852	1.75	0.500277316490822	0.481440855144649	18.9479166666667	367.24537037037	97.7962912206454	128.661760976639	3468.14429012346	0.858181579866155	0.907030510641013	33.1840277777778	0.243678765945857	9.45812634197365	9.14896024458035	185.909225200784	252.120740202067	6969.45023148148	70.3243853477222	1849.56220762945	2439.169970491	0.445645907441818	16.2383301071659	17.2495812443054	4.62115390816334	130.008330056418	3522.30190505052	4788.12492473498	1331.1460987822	8.45895460005061	2465.06476804527
NA	266.666666666667	2.54166666666667	0.462715795159077	0.551918416627482	19.4373015873016	1027.08333333333	105.108899713214	283.118650513347	4602.99162257496	1.02136308591218	1.94175819802148	44.4619047619048	0.23972500961494	9.00519908337761	9.82213205435365	412.255850183576	1153.51150556425	17159.2328042328	127.478421141959	2043.81470116731	4954.616050779	0.821883930705078	19.8981644375526	32.8767891038037	4.68289788913035	535.141798892835	8029.14044311983	20096.4817598482	2486.14982396949	16.0524049025986	10446.3929659515
NA	227.314814814815	3.04166666666667	0.623361548149078	0.441046609994775	19.8166666666667	867.939814814815	124.722439673064	188.882237254913	4189.53301127215	1.8670061482104	1.5865717948751	59.6072463768116	0.258396152835228	12.3628595062151	8.37447112636616	471.294737562943	716.38488147828	15917.041062802	106.058842064828	2471.48532127227	3458.4206890235	0.913709243769738	37.1162571888545	29.8471872601016	5.13204605688373	395.995541316356	9344.20705811554	13022.5965989622	2103.57642687703	18.1597334171587	7851.83068380649
NA	302.314814814815	3.04166666666667	1.03174670665966	0.599017922848368	19.8354166666667	1230.20833333333	325.78842803756	252.853160232939	5984.87268518519	3.21519260804249	2.1261967794902	60.2979166666666	0.637979674152013	20.4666286258566	11.8830020305592	1328.1209048545	1038.00548390269	24363.7692901234	273.809575514144	6451.10694603367	5009.26998853635	2.28433545328254	63.7511958334961	42.1749645198594	12.6584571719782	1125.55359535334	26308.438358851	20570.9763691869	5425.44493151699	45.3222226735856	22309.6112214629
NA	321.180555555556	3.16666666666667	1.13075862072017	0.665697828719642	19.7242424242424	1436.80555555556	313.624645990762	293.989351247649	5508.97306397306	3.40586439236618	2.48934914547469	59.2871212121212	0.722127105112244	22.3169031378538	12.5493994935812	1367.40179966018	1341.03729548491	23955.6523569024	280.721664922967	6201.44371507427	4923.22816038036	2.57949813106796	67.352998420124	44.7459482758204	14.2836680562958	1250.42645741126	27099.3812357672	21880.5031363283	5558.71773190597	51.128168762204	24811.7717159956
NA	216.203703703704	1.875	1.07197378980818	0.528749133659932	19.5368055555556	560.763888888889	242.319784245207	188.28960941802	4227.66975308641	2.04319221532656	1.23152769042274	36.7125	0.578765188154464	20.9488567280909	10.3422832259155	632.492703116348	496.126856615548	10981.7457561728	213.568682809884	4738.86591675145	3683.76938003898	1.36157454157285	40.011289553135	24.132157988478	11.3222944703687	565.263830661057	12386.3724535255	9717.71833241409	4178.4930213549	26.681014840267	11071.2982228746
NA	192.824074074074	3.54166666666667	0.926357705060306	0.737792951340484	19.3659090909091	1013.65740740741	142.090171239879	201.456228700415	3188.75	3.08066358833192	3.08300179351736	66.8401515151515	0.623531388967428	17.9409305290764	13.4484350391152	765.474587369989	1062.06823676967	17399.5307239057	140.876711873769	2749.61503010306	3178.93609868452	2.50138251051671	59.6041692254969	55.4521783047972	12.0840155834593	768.154941869552	14801.3505375743	17544.9128825249	2728.49615214918	48.4407291452085	14862.9822267636
NA	194.907407407407	3.83333333333333	0.641403105605455	0.45950125544278	19.2952380952381	954.513888888888	77.8076985064498	121.551493486047	2605.26455026455	2.16067712603718	1.88990856847722	64.7071428571429	0.315092233571779	12.3889233233094	9.03045271888083	358.576498600271	611.921289406871	11708.2175925926	52.3523685570425	1505.66458860444	1645.30861856088	1.13625575355525	41.6893746969741	32.5601163047322	6.09465888260062	245.120731882149	6939.26659492754	7643.73054376532	1014.58321454985	21.9611270151998	4748.87576082785
NA	116.782407407407	4.08333333333333	0.446484164743503	0.280472018586132	19.1657407407407	673.958333333333	51.8912742856858	48.4272527202314	2722.22479423868	1.83276418130194	1.28235898654411	83.9814814814814	0.13692660246524	8.56482200698463	6.21996520585846	302.869001293868	273.141648233793	16029.1589506173	22.2470681145088	991.45660841389	1178.16623116387	0.626553548641888	35.0891179820296	30.0248364961689	2.62514204642072	127.379390877513	5784.45841200896	6768.92068404702	425.314884588873	11.9907524529277	2433.9032890162
NA	265.393518518518	5.20833333333333	0.699793958169694	0.525506526076326	19.3	1770.02314814815	10.9541203067141	209.472332096074	260.138888888888	2.17803056666262	3.08633161714061	66.2018518518518	0.231388915770387	13.5686607566018	5.43659282021143	31.9841747061803	1416.35100911962	779.151234567901	6.64615005098147	215.192566509278	149.84318246699	0.644357821106887	42.0679704167761	15.9401823055361	4.51792338169395	19.2094364532578	627.716827599186	436.00649722342	130.856857617922	12.5502779078638	378.157267217983
NA	128.009259259259	3.54166666666667	0.645322919697933	0.471705260196958	19.23125	564.467592592593	77.0430623873667	94.5625818418915	2465.0462962963	2.27198299825995	1.8667065422396	68.1263888888889	0.289509747827505	12.390128551433	9.08861636133479	351.196484002196	426.258627050683	10862.4961419753	56.7532659661226	1480.83923968298	1822.8236890072	1.15390486433272	43.6322585323748	35.9633541915404	5.56803570503169	264.841292770121	6746.36913047835	8209.7216362753	1091.94940918272	22.1913110719464	5091.6426093632
NA	216.898148148148	6	0.689509130876987	0.592537605295003	19.1133333333333	1612.61574074074	81.783348911164	185.814089477894	1744.75	3.81161240741816	3.8713817138555	107.11	0.364048468008724	13.1696135968463	8.76841801810023	536.678171423226	1402.7185143824	11379.75	67.9937725373876	1566.25430709345	1441.42726287369	2.08255462833429	72.864636720055	50.1387569981625	6.95332765521096	465.117291067618	10284.2909313214	9808.81534949737	1302.82477165371	39.8178753432634	8916.97368317762
NA	230.439814814815	4.5	0.892401759597926	0.608843031628871	18.5208333333333	1430.55555555556	126.625440903858	201.525761879713	2598.0787037037	3.37215741531547	3.17146608793132	70.6291666666667	0.466158839800769	16.5290551426074	9.59217095492519	702.205299713788	1287.46548569113	14442.7314814815	97.9534405529575	2345.32335852036	2001.60840922673	2.03543885112508	62.477009388996	42.1405473102678	8.64051742420387	548.55400634317	13002.2932181232	11232.0682682656	1815.2311384247	37.7136035800433	10163.2623404669
NA	287.5	2.20833333333333	0.779088694229541	0.7246187832878	18.8020833333333	801.273148148148	218.610212021152	355.214580198983	5364.37692901235	1.68861941936798	1.87829314564492	41.5416666666667	0.546673507597204	14.6158495010001	13.6860277718297	608.148635309229	974.439652494228	14933.0652006173	270.667333904892	4073.67650930062	6639.43127337798	1.41338043898905	31.710123098314	35.3946984730251	10.3074270361109	740.730285781785	11319.3566106945	18197.3727087008	5052.25966640198	26.5928006319554	13814.1218620462
45.4534956521739	303.587962962963	3.54166666666667	0.768499286847702	1.37730958964877	20.0368055555556	1355.32407407408	227.847452034738	642.200310657169	6117.67168209877	2.70813673934913	5.87485613598087	71.4548611111111	1.04027992268356	15.3853525567819	28.0488926038424	1022.60797675407	2974.81510614949	27397.1412037037	483.51569143165	4594.74262517821	13029.6938617969	4.46572406007163	54.6189094437459	119.956163042156	21.200619260161	2250.35573674511	20685.7798805166	60474.6252844592	9819.08174648936	91.2586655575889	45786.9239616572
NA	178.240740740741	3.20833333333333	0.468408679664522	0.556374387333634	20.0864583333333	801.851851851852	31.3027403229666	117.555079022732	2664.04803240741	1.05871161488705	1.96866696926544	56.0958333333333	0.236919042427892	9.49216980958422	10.843216290525	131.177949751433	535.849479826557	12074.4241898148	19.8556029835775	625.233765853939	1769.56856292957	0.661995425881761	21.2973946065083	34.8907994631651	4.77901383236627	84.8407807376508	2612.19400605936	8165.12618648631	396.455435431727	13.3100221888541	1688.86012278705
NA	259.259259259259	3.375	0.918978976587408	0.535458127845421	20.3590277777778	1340.27777777778	254.386282995033	235.377844802143	5282.98032407407	3.06710778609039	2.31523422206035	68.65	0.537226622856418	18.7442567868793	10.9310429973026	1327.60519995129	1250.20387081036	27307.5135030864	241.914628080758	5191.79888128537	4804.03381293107	2.30833811118701	62.5148507471754	47.2255060256156	10.9823255226082	1284.98690516824	27084.7521288009	25504.3075953162	4942.09545679488	47.1495633227743	26235.8658970724
NA	144.560185185185	2.5	0.961764712011123	0.389295286133864	20.2305555555556	441.087962962963	135.573234212536	88.7645981716202	2922.31481481481	2.34076626054205	1.01128966319023	50.5763888888889	0.368822412169591	19.4583980632027	7.8668217646102	411.759675716368	242.680428612517	8922.16242283951	84.6686813269399	2739.95852119781	1792.50419495346	0.953337507659618	47.3491354584483	20.4265003734852	7.45255957022005	231.77955668951	8326.42734882375	4899.3057961682	1709.42354601663	19.2529531620117	4678.14053419076
NA	293.75	2.66666666666667	1.12281425054347	0.735124542988846	19.9090277777778	983.912037037038	347.484893461545	306.12529577787	5843.07291666667	3.0375670778409	2.21322342876379	53.0875	0.867918092449434	22.3811792577376	14.6992448211298	1163.23625113566	1018.49288432667	19567.9224537037	370.602861387629	6920.7993047162	6109.02783296163	2.62152092762838	60.5449002719293	44.2201535421164	17.3719411841194	1231.06767743163	23163.8401825337	20320.3796583849	7402.98861412506	52.4285095493099	24585.9445343239
NA	295.949074074074	3.95833333333333	0.951825722082691	1.11059182557262	19.9993055555556	1684.25925925926	271.897643863893	477.002622909566	5899.32484567902	3.78563008743926	4.84398077663744	78.5618055555556	1.05921065807594	19.0300161353772	22.3281129939356	1529.77573732978	2593.17601911165	33454.7704475309	444.136439566392	5425.52960398633	9553.58539484864	4.59492395399688	75.1719568144037	96.7215527264874	21.3069961347084	2383.63842641062	30412.7590779622	51754.9631234022	8906.05012191084	91.8403353668468	47626.9618011685
NA	284.722222222222	2.25	0.782920045455117	1.00674226430586	20.9239130434783	757.175925925926	191.914455898859	464.908903973113	5488.15619967794	1.70712257160587	2.48465919957147	47.5297101449275	0.739792531899451	16.3632167899546	20.3469628068145	523.807047951007	1242.18399085816	15050.4911433172	309.030665137356	3997.73982554828	8811.18516069281	1.82507107824793	35.8806396714035	51.0132495265942	15.5608929610336	854.2223131484	10911.5594089483	24419.8629048125	6456.71777761165	38.3941396837983	17845.5715085865
NA	284.606481481481	2.20833333333333	0.929977068763758	1.47293120267613	22.2840277777778	641.435185185185	276.287657848013	736.181509518609	6274.02970679012	2.13071761309371	3.50134389961858	49.6069444444445	1.4691997945875	20.8350051561263	32.9850612243837	654.436554570765	1723.97077267832	14316.5200617284	747.366037735453	6116.59276224166	16272.3751244647	3.63392486353783	48.1068413269289	79.2115789309755	33.0237123491631	1817.99806168377	14666.2160490104	38560.8010252935	16573.3939722898	82.4582480270219	40790.3362784191
NA	261.921296296296	2.54166666666667	0.95128672489952	1.48143809249156	23.1284722222222	762.152777777778	280.630444266522	691.421407679116	6020.9375	2.49379149527314	4.43787379431769	58.9451388888889	1.54734697183916	22.0173970259301	34.2645671026769	859.323827684216	2129.39419611017	17592.650462963	772.979038020112	6460.29573279865	15898.1502166342	4.83902352369242	57.8825166461576	103.001203839714	35.8192691706752	2470.76774157571	19858.5479767141	49133.2777018323	17792.9557168702	112.388135460347	57059.1665316101
84.6226136363636	239.12037037037	4.25	0.717153567167605	1.16226707281681	22.7472222222222	1350.92592592593	160.434395925065	455.368106030068	5434.46180555555	3.07414520260286	5.84746435638377	96.8534722222222	0.842716263193054	16.3623902076853	26.5450423758735	919.57313611488	2665.7938549437	30734.537037037	312.938854764216	3656.19801151118	10371.3635911297	4.26705812641549	70.2715743356727	133.707794281874	19.3086692940385	1852.0634182832	20972.9101471932	60748.8155921439	7144.77154489904	97.8611016198197	42296.5602178453
82.556	256.828703703704	3.79166666666667	0.831463685601549	1.26839327148937	22.9231884057971	1192.93981481481	180.498576925857	531.088623062224	5571.96256038648	3.03567229183801	5.35968500654673	84.5188405797102	0.984629232559583	19.0914032800632	27.7803996758564	813.408871352226	2532.74277647417	25130.9400161031	376.836667530185	4129.62663020302	11200.2676771969	3.94847512882904	69.5480451221588	112.217940545988	22.7580249558118	1730.80222757327	18594.8676612573	51544.9666929851	8648.91566076847	91.0027577200173	39681.8666963816
86.7511227272727	220.25462962963	3.91666666666667	0.841368716874198	1.22888098699553	23.6854166666667	1033.33333333333	158.630377172001	425.480545863514	5164.91898148148	3.29841117574433	5.18147321077021	92.5486111111111	0.98455085383175	19.9388986662932	29.1765296270857	749.600424479238	1962.82282878204	24218.1076388889	308.441833548569	3724.57608188184	10009.3917666201	4.17317416095099	78.045932339179	122.828578573707	23.414068134969	1441.04111253125	17593.6318740688	46185.0223127129	7267.67636265658	99.1355617747967	33969.0457349084
NA	249.305555555556	2.45833333333333	0.952054619230934	1.37021945344882	24.4180555555556	664.351851851852	244.243942828583	521.032620784135	6113.42206790124	2.44272675274231	3.75685974562866	60.3104166666667	1.46310350548475	23.3955690127486	33.8542660766559	694.112687195922	1519.0215686195	16396.3020833333	543.315372246144	6014.93752296772	12851.5803049871	4.15588125204068	60.2793631008729	93.1880867502221	36.29467260175	1668.37226015736	17191.7275094286	37661.7099262776	13446.3331820803	103.406205331354	41467.7628879386
NA	237.731481481481	2.41666666666667	1.03766088207749	1.09888014471861	24.9104166666667	513.888888888889	228.899764500888	432.024698298189	5884.50231481482	2.51806488704697	2.44797270753525	60.1756944444444	1.08991644030576	25.8461692363763	27.4414711493126	492.165327958574	920.11392361063	12706.5972222222	416.756478368266	5669.36843810465	10725.5538103874	2.42737540984802	62.6963602479176	61.0837357795222	27.2282551582178	882.736048915887	12177.2623707552	22819.0820799227	10354.7552430586	60.5950815394857	21910.5539352934
NA	184.722222222222	2.41666666666667	0.873174476478923	0.510372239706678	24.6427536231884	549.652777777778	139.539376826085	171.585403463398	4733.59702093398	1.93395199776343	1.47814762536142	56.8797101449275	0.418604685026138	21.551543036782	12.827828572165	421.342534419945	505.091928683729	14106.8619162641	131.355289555849	3431.53513048253	4406.48970106779	1.18834410981512	47.8343369176908	36.551575677964	10.3513756298148	393.581691169894	10378.447468788	12995.9462048864	3236.817651011	29.4501874603805	9716.87604289695
NA	172.916666666667	2.08333333333333	0.865409864168527	0.422250080053479	24.8507575757576	344.791666666666	140.165711874973	143.459744677053	3928.51430976431	1.75820267394004	0.848055286067761	50.8227272727273	0.366414580851558	21.519520503074	10.0602617818005	267.369031782493	263.644832429423	7586.78661616162	121.08888423807	3480.19397238717	3310.18747919754	0.720292495070144	43.7169052777814	19.9601105899465	9.15857755381487	214.242452282488	6644.2494877057	5934.46608041734	3009.07452044009	18.0333657885317	5331.492222064
82.1048952380952	191.435185185185	2.66666666666667	0.937003998587547	0.664373545553732	24.7681818181818	662.5	190.529469466124	256.371608493049	5164.21927609427	2.17903287256579	2.01258367315836	58.5007575757576	0.709007067913742	23.2519420868321	17.811109978511	643.481144569934	884.945769495067	17826.1005892256	270.433019699757	4726.77277284309	6949.31955087423	2.07528028505024	54.0506591197011	53.180058907288	17.7174525561629	909.823927483715	15935.2442312783	23937.7416457845	6735.59160053127	51.7558263418086	22613.3115359621
NA	136.226851851852	2.29166666666667	1.11657339340265	0.224110564720465	24.5789855072464	323.958333333333	133.242988635403	64.8491205773928	3397.68115942029	2.35575609303595	0.570721112793236	52.3623188405797	0.221827592683843	27.4391885600501	5.44998696089454	302.671414163301	161.790077422699	7709.89734299517	62.1701790235526	3281.38137247992	1639.46774946246	0.522448219916493	57.8814840129826	12.8190931425353	5.46060111175916	150.824728341035	7460.33513627612	3987.91504894079	1533.51536987241	12.8679212242	3723.24393171806
NA	193.865740740741	3.25	1.19590401348855	0.474389315363986	23.7074074074074	978.819444444445	207.29630626343	139.809050351799	4474.07921810699	3.66777289865429	1.94739433909241	76.2796296296296	0.389430386090422	28.3543371165277	7.95063420262887	1100.51833107871	706.387657026434	23632.2736625514	127.513009151411	4893.94698803469	2687.8016504431	1.69480279369645	86.8465243754082	35.3778830357758	9.197937460344	695.649482665815	25979.0534076847	14621.9371139117	3009.60165235604	40.0233440519145	16418.4961350659
NA	234.490740740741	3.04166666666667	1.12637752017259	0.920478362075614	22.9875	988.194444444444	263.858177906806	335.898231539581	5377.4575617284	3.38261809330093	3.35170527192247	69.9270833333333	1.04394973610928	25.8997558106271	21.2297496927701	1114.96314040287	1443.81544798047	22654.6392746914	386.824742706639	6055.48853240947	7721.24414950061	3.80084796028202	77.794624473972	77.218472226673	24.0870761143761	1662.46876565723	25578.1124887872	33166.1785624964	8896.60929837172	87.6017112063157	38207.5169543593
NA	139.814814814815	4.20833333333333	0.651020412103557	0.726536427481029	23.0229166666667	574.768518518518	82.0014601944535	127.750105645827	3215.38773148148	2.75682386773391	2.96436896543691	96.8194444444444	0.453164573850912	14.9859862219515	16.7650102031247	339.891053292161	500.088851454654	13200.6462191358	74.9415403073588	1885.53620644544	2943.42088073718	1.87051631913211	63.4219512784071	68.3561296344748	10.4553374171224	296.017900445377	7805.50544917237	11509.3076550587	1726.47438839367	43.1300424292264	6812.20425210799
NA	229.976851851852	5.83333333333333	1.02628614541795	1.17296012388179	23.0473684210526	1804.51388888889	147.54706796765	354.581269567029	3403.21393762184	5.61748027001568	7.59959960070006	126.029824561404	1.12915862909931	23.6602036292182	25.6322696268464	1220.73670555509	2886.04023750102	27865.0657894737	244.607310421047	3396.41065610827	5463.50363643745	7.02421869772492	129.38500345638	157.250855099766	26.0200245369696	2083.30542381343	28098.9947406319	46062.3842140052	5632.50387365161	161.732743202021	47973.1443607886
NA	158.912037037037	7.25	1.0553880440965	0.551780845006482	22.41	1409.375	135.955992433155	108.574482302737	3145.65277777778	7.30075861701779	4.26703410566416	155.700833333333	0.561349703373761	23.6409254905116	11.822642251543	1145.5382666003	971.042067017616	26436.0555555556	88.9490232067829	3054.77865027506	2029.57700962131	4.08889180753141	163.475163383813	86.3190972378791	12.5640837983826	748.603533663535	25745.7398717839	17041.5772193687	1997.46143405385	91.4940496377759	16816.6723194327
NA	160.416666666667	5.75	0.93509839368312	0.397965910054211	21.1382352941176	1061.9212962963	135.353678368681	99.3894310795908	3029.53159041394	5.2229623697098	2.31039311425667	118.262745098039	0.358383049301113	19.7732165487801	7.92558205775692	876.510686718659	646.96520897877	19581.2690631808	95.1719557469347	2848.90113391641	2088.88846416804	2.07573122322113	110.570467109577	45.7567945123103	7.56555706395563	616.944699747698	18449.7552013636	13488.4542791941	2003.47873699077	43.8454194502354	12988.3422731005
NA	183.796296296296	5.25	0.901695419372956	0.434063070088186	20.5022222222222	1313.88888888889	62.2773513679935	142.084069257522	1307.44444444444	3.72032411676722	2.71422322991999	87.5811111111111	0.304672642267167	18.4889006866096	6.36098099980916	383.132243379735	1036.90362010288	7924.77777777778	44.2394045586868	1278.76364005632	862.348421983884	1.46911165946876	76.3939091617494	30.6279890778832	6.25751911394	283.676810191702	7866.73731510417	5490.30336735964	909.022732266491	30.2008472955731	5827.80496415363
NA	81.4814814814815	5.70833333333333	0.760924245030463	0.310767624232256	19.8407407407407	498.49537037037	57.6012480374653	27.1441856389013	1710.24948559671	3.44977737271757	2.1056368115411	96.4962962962964	0.200396030318191	15.1279199174909	5.60485614408907	330.409441635808	171.752452978872	9998.7705761317	20.2479998891869	1136.2764319629	607.647463291992	1.13703059059086	68.1927669020584	33.2858011746772	3.96275713999258	123.330332255411	6513.01245021479	3747.48874804898	399.098783417288	22.3831247761427	2429.70860339051
NA	71.1805555555555	9.625	0.577525323377316	0.241587505961195	18.40625	792.129629629629	14.2739524357223	18.6772648012162	518.460648148148	3.53244732989275	2.2801469373524	117.4375	0.169702012277673	10.6281133555555	5.41064520516323	130.035457663493	207.269300050369	4755.85648148148	4.62313804447371	263.131958730447	166.019214038832	1.06892918029652	65.0664245419986	35.426822803165	3.12369046916561	41.6866564131043	2397.16429608956	1508.41545634948	85.2290101295459	19.691562559111	768.510487618523
NA	118.865740740741	2.625	0.621047638675027	0.317745623273594	18.1568181818182	290.856481481481	71.8908206349073	57.6043316421206	2352.26641414141	1.56823037633892	0.903699370190087	46.3037878787879	0.182053010748852	11.2740817175263	5.8521442617755	177.500705478995	154.915456005654	5765.01262626263	35.189323676613	1304.24192082578	1141.93606489069	0.510815854550509	28.5204328364871	16.3830873988125	3.31172436270791	95.1134657519848	3225.12959189692	3074.08580564188	639.480658781704	9.30262462744204	1730.09028774504
NA	140.509259259259	5	0.554118740741099	0.310880639333345	17.9876811594203	1050.69444444444	74.6086457910679	82.04287691813	2625.32206119163	2.62334283022147	1.91857273520352	88.2601449275362	0.166133123259392	9.9704104321821	5.62768399845571	565.853276916723	649.93582693104	19628.4138486312	44.161743420774	1335.90709847444	1532.74775471855	1.00551056365674	47.1402932499763	34.5271472858225	2.98389642230007	354.209079724073	10130.3851525272	12140.9795162623	790.64694879425	18.0367885966629	6340.95689774195
NA	152.083333333333	5.04166666666667	0.544643977646362	0.224414948153105	17.7070175438596	1027.43055555555	72.015639606697	53.8471290975209	2837.65838206627	2.65335296809594	1.26688523993953	91.4052631578947	0.102459397920176	9.63936429057278	3.68535751660362	498.24941480216	355.328626516927	19604.1617933723	25.2173965843267	1278.7839394208	1000.09649444686	0.58605395534999	46.9985067661698	21.9152129473985	1.81695046232779	170.942516868435	8846.44066478426	6772.75383501687	447.983497882305	10.3988026440986	3036.3648950531
NA	99.4212962962962	5.16666666666667	0.477820636825808	0.30703479441525	17.5036231884058	655.439814814815	36.5706223084652	38.4278339641831	1692.91465378422	2.4644598499781	1.77097464040974	91.4144927536232	0.152941138302296	8.370489568329	5.39720108512303	252.451696853561	260.868284636581	11483.3917069243	14.652164212075	640.544176190267	666.997839301893	0.878318876281238	43.2198109374206	31.5355694847049	2.68202657130523	102.835897397407	4423.81540915109	4626.09724880218	256.632367975698	15.4150913971971	1801.72670667905
NA	173.726851851852	2.54166666666667	0.730389322668204	0.532834929023251	17.1243055555556	607.754629629629	129.687798866155	124.568501152539	2964.67399691358	1.87828397156239	1.53939252966227	43.5118055555556	0.396006926032556	12.5063053924668	9.11708729500106	456.569269841458	441.683150640359	10373.794367284	93.4373693890311	2213.67539029513	2126.24807334829	1.15435479357344	32.1527632640623	26.3347941020578	6.77601031950025	333.44716826008	7794.98619829895	7540.75667015161	1595.25023233303	19.7484999120919	5694.12425867999
