"LE"	"Kin"	"u"	"De"	"VPD"	"Twater"	"Kin_u"	"Kin_De"	"Kin_VPD"	"Kin_Twater"	"u_De"	"u_VPD"	"u_Twater"	"De_VPD"	"De_Twater"	"VPD_Twater"	"Kin_u_De"	"Kin_u_VPD"	"Kin_u_Twater"	"Kin_De_VPD"	"Kin_De_Twater"	"Kin_VPD_Twater"	"u_De_VPD"	"u_De_Twater"	"u_VPD_Twater"	"De_VPD_Twater"	"Kin_u_De_VPD"	"Kin_u_De_Twater"	"Kin_u_VPD_Twater"	"Kin_De_VPD_Twater"	"u_De_VPD_Twater"	"Kin_u_De_VPD_Twater"
NA	305.555555555556	7.10888785714286	NA	0.365373857142857	12.0774074074074	352.508712301587	NA	17.5185821428571	3828.48971193416	NA	2.59990505022071	81.3566504818182	NA	NA	4.22168517	NA	123.002761210379	545.967048863636	NA	NA	28.6939660227273	NA	NA	30.1669955256162	NA	NA	NA	195.249124621483	NA	NA	NA
NA	267.939814814815	NA	NA	NA	13.0641666666667	NA	NA	NA	4885.82638888889	NA	NA	NA	NA	NA	NA	NA	NA	NA	NA	NA	NA	NA	NA	NA	NA	NA	NA	NA	NA	NA	NA
NA	321.180555555556	6.5727425	NA	0.3929245	13.2661111111111	0	NA	0	5003.31944444444	NA	2.5809697261925	85.016427875	NA	NA	5.0778475875	NA	0	0	NA	NA	0	NA	NA	33.379512939063	NA	NA	NA	0	NA	NA	NA
NA	299.189814814815	5.8517242	NA	0.42876248	12.7609090909091	518.568054444444	NA	51.0679811111111	937.457070707071	NA	2.5406841646705	80.3819883178572	NA	NA	5.4813766925	NA	244.121914538323	1096.21199875	NA	NA	75.1402575	NA	NA	36.4522068488883	NA	NA	NA	379.158062151344	NA	NA	NA
135.15615	312.731481481481	6.36123	NA	0.581684548387097	13.1990909090909	942.472817204301	NA	180.471805645161	1210.25252525253	NA	3.58092815647774	88.267526205	NA	NA	5.9055377545	NA	761.883463869369	3958.08225545833	NA	NA	394.522854697222	NA	NA	40.7594242429931	NA	NA	NA	1938.22493148646	NA	NA	NA
150.266029032258	203.240740740741	7.64491691176471	NA	0.660224455882353	13.026	1245.06519240196	NA	146.50409375	7.03333333333333	NA	4.98660645758493	97.76954293	NA	NA	6.98929882	NA	1064.5151995136	56.9195006666667	NA	NA	4.40124196666667	NA	NA	52.532298362284	NA	NA	NA	35.6155508921677	NA	NA	NA
66.5156578947368	121.875	5.63102708333333	NA	0.428356054347826	NA	723.513769675926	NA	55.5998658816425	NA	NA	2.44632649960576	NA	NA	NA	NA	NA	336.673023188208	NA	NA	NA	NA	NA	NA	NA	NA	NA	NA	NA	NA	NA	NA
NA	223.958333333333	3.148015	NA	0.36834025	NA	454.786468055556	NA	56.51263625	NA	NA	1.115095467027	NA	NA	NA	NA	NA	151.678339446233	NA	NA	NA	NA	NA	NA	NA	NA	NA	NA	NA	NA	NA	NA
NA	201.388888888889	NA	NA	NA	NA	NA	NA	NA	NA	NA	NA	NA	NA	NA	NA	NA	NA	NA	NA	NA	NA	NA	NA	NA	NA	NA	NA	NA	NA	NA	NA
NA	95.2546296296296	NA	NA	NA	NA	NA	NA	NA	NA	NA	NA	NA	NA	NA	NA	NA	NA	NA	NA	NA	NA	NA	NA	NA	NA	NA	NA	NA	NA	NA	NA
NA	44.3287037037037	NA	NA	NA	NA	NA	NA	NA	NA	NA	NA	NA	NA	NA	NA	NA	NA	NA	NA	NA	NA	NA	NA	NA	NA	NA	NA	NA	NA	NA	NA
NA	271.296296296296	2.26747628571429	NA	0.665830928571429	15.005	501.449732539683	NA	153.661807142857	0	NA	1.50997567065071	48.821842475	NA	NA	10.3499872225	NA	289.611580237831	0	NA	NA	0	NA	NA	33.463768706201	NA	NA	NA	0	NA	NA	NA
NA	315.162037037037	4.99672032	NA	0.67859492	15.1391666666667	981.315076666667	NA	136.969913222222	1839.8587962963	NA	3.42601421252	87.69248928125	NA	NA	9.6109117725	NA	769.406037662191	8225.81332213542	NA	NA	756.684447317708	NA	NA	56.4836215070791	NA	NA	NA	5240.52831001744	NA	NA	NA
NA	323.842592592593	3.73734363636364	NA	0.661054545454545	16.3153846153846	38.1113131313131	NA	4.5025601010101	8978.67521367521	NA	2.47671204530636	65.396111925	NA	NA	10.5318212025	NA	24.2698343175455	0	NA	NA	0	NA	NA	44.0934087390382	NA	NA	NA	0	NA	NA	NA
NA	240.625	2.04008333333333	NA	0.783383	16.83	0	NA	0	2775.59027777778	NA	1.59232401717	NA	NA	NA	NA	NA	0	NA	NA	NA	NA	NA	NA	NA	NA	NA	NA	NA	NA	NA	NA
NA	181.481481481481	7.58973	NA	0.662941	15.26	0	NA	0	0	NA	5.03154319593	NA	NA	NA	NA	NA	0	NA	NA	NA	NA	NA	NA	NA	NA	NA	NA	NA	NA	NA	NA
NA	240.856481481481	NA	NA	NA	16.42	NA	NA	NA	2882.9212962963	NA	NA	NA	NA	NA	NA	NA	NA	NA	NA	NA	NA	NA	NA	NA	NA	NA	NA	NA	NA	NA	NA
NA	185.99537037037	6.04369083333333	NA	0.554268416666667	16.15	268.252534722222	NA	25.6984636574074	4839.75	NA	3.34905744129333	NA	NA	NA	NA	NA	155.925875175819	NA	NA	NA	NA	NA	NA	NA	NA	NA	NA	NA	NA	NA	NA
NA	328.240740740741	3.83772527777778	NA	0.902392388888889	15.8242857142857	1252.98452700617	NA	346.18686412037	734.166666666667	NA	3.53849783137222	48.7499318272727	NA	NA	10.3457734090909	NA	1252.48973032075	3566.44452727273	NA	NA	580.815375522727	NA	NA	31.6798910171119	NA	NA	NA	2213.28644393602	NA	NA	NA
NA	140.162037037037	9.03056666666667	NA	0.672737142857143	NA	737.40817989418	NA	57.4316134920635	NA	NA	6.02339616252381	NA	NA	NA	NA	NA	472.685756930766	NA	NA	NA	NA	NA	NA	NA	NA	NA	NA	NA	NA	NA	NA
NA	220.023148148148	6.214802	NA	0.8264804	16.625	0	NA	0	417.486111111111	NA	5.127019178682	100.829134666667	NA	NA	14.38625165	NA	0	0	NA	NA	0	NA	NA	84.315089905941	NA	NA	NA	0	NA	NA	NA
NA	312.847222222222	4.27455923076923	NA	0.859724846153846	16.242	592.900557692308	NA	154.450152564103	7682.64444444445	NA	3.69159832818	NA	NA	NA	NA	NA	475.455215731763	NA	NA	NA	NA	NA	NA	NA	NA	NA	NA	NA	NA	NA	NA
NA	309.143518518519	4.80039282051282	NA	1.11452543243243	18.6983333333333	1468.63906339031	NA	468.040935660661	1172.6712962963	NA	5.15354505578838	108.8206613125	NA	NA	14.47859842625	NA	1928.82823989751	0	NA	NA	0	NA	NA	86.3364678363733	NA	NA	NA	0	NA	NA	NA
NA	165.972222222222	6.31153	NA	1.01052825	18.99	0	NA	0	5486	NA	6.82758347155	NA	NA	NA	NA	NA	0	NA	NA	NA	NA	NA	NA	NA	NA	NA	NA	NA	NA	NA	NA
NA	258.796296296296	4.65379926470588	NA	1.05054255882353	18.6616666666667	845.616724673203	NA	264.647465767974	6131.90740740741	NA	4.91723966200294	49.7867171208333	NA	NA	18.6760118716667	NA	979.997599458689	12736.8396397454	NA	NA	6276.39353052778	NA	NA	49.4048757438215	NA	NA	NA	12902.7570050972	NA	NA	NA
NA	120.601851851852	5.7441075	NA	0.616690333333333	18.212	734.893844907407	NA	106.812593634259	244.733333333333	NA	3.38735730602208	157.292480533333	NA	NA	9.38921614666667	NA	493.290285345457	336.76775	NA	NA	25.969433	NA	NA	81.6123640877169	NA	NA	NA	173.75498384475	NA	NA	NA
NA	215.393518518519	2.75424544444444	NA	1.00483855555556	18.18	1.60122222222222	NA	0.117797839506173	3284.85069444444	NA	2.16909030066889	28.5644955516667	NA	NA	22.36234595	NA	0.611130479444444	0	NA	NA	0	NA	NA	35.0951900498578	NA	NA	NA	0	NA	NA	NA
153.565240322581	213.541666666667	8.9398915625	NA	0.858816434782609	17.8185714285714	2060.87666290509	NA	211.606088164251	68.8492063492063	NA	7.8280861809937	145.008285614286	NA	NA	13.9336106057143	NA	2096.38423255224	623.325613492064	NA	NA	47.4522581746032	NA	NA	113.119119186566	NA	NA	NA	439.273304817103	NA	NA	NA
NA	138.310185185185	15.260518	NA	0.674651045454545	NA	1468.09753888889	NA	45.1970433080808	NA	NA	10.3215622499932	NA	NA	NA	NA	NA	700.632739341837	NA	NA	NA	NA	NA	NA	NA	NA	NA	NA	NA	NA	NA	NA
NA	270.37037037037	6.308884	NA	0.715735	16.17	1186.81886444444	NA	200.797830111111	0	NA	4.4297902398404	NA	NA	NA	NA	NA	870.576900461868	NA	NA	NA	NA	NA	NA	NA	NA	NA	NA	NA	NA	NA	NA
NA	219.791666666667	6.04784	NA	0.74269475	17.15	96.9611979166667	NA	24.8172635416667	8765.55555555555	NA	4.4645088050875	NA	NA	NA	NA	NA	79.6572116528646	NA	NA	NA	NA	NA	NA	NA	NA	NA	NA	NA	NA	NA	NA
NA	217.824074074074	2.367206	NA	0.4463586	17.546	0	NA	0	5245.28333333333	NA	1.05333686151	NA	NA	NA	NA	NA	0	NA	NA	NA	NA	NA	NA	NA	NA	NA	NA	NA	NA	NA	NA
NA	127.662037037037	6.03275086956522	NA	0.627632608695652	17.092	778.048429951691	NA	59.906756884058	557.144444444445	NA	3.70307582407826	95.7181888333333	NA	NA	10.01618884	NA	454.731283057903	3610.13124361111	NA	NA	222.058657055556	NA	NA	56.2032882427473	NA	NA	NA	2124.6994218524	NA	NA	NA
NA	186.226851851852	9.18210979166667	NA	0.70505975	17.0966666666667	1842.05736689815	NA	152.725785706019	248.296296296296	NA	6.53991283992062	136.2863793	NA	NA	9.70810752333333	NA	1503.37944717838	2628.7253037037	NA	NA	131.682575111111	NA	NA	77.3314806017098	NA	NA	NA	1393.22320833985	NA	NA	NA
NA	251.736111111111	4.89479433333333	NA	0.652506966666667	17.7016666666667	945.573493518518	NA	203.440636481481	4363.99537037037	NA	3.12209920484767	98.530849075	NA	NA	10.01769756625	NA	769.534588207926	9477.50938121528	NA	NA	2086.33729661111	NA	NA	55.5694247922226	NA	NA	NA	5799.96836749581	NA	NA	NA
NA	161.111111111111	1.88675611111111	NA	0.838034944444444	17.99	52.3534567901235	NA	28.6957521604938	135.819444444444	NA	1.54973411284583	36.622876375	NA	NA	14.4954926808333	NA	44.8729873263827	312.504243333333	NA	NA	154.205684824074	NA	NA	29.5195861687126	NA	NA	NA	265.645332766118	NA	NA	NA
NA	260.99537037037	4.93430137931034	NA	0.746463017241379	18.5578571428571	1015.18004358238	NA	165.870206657088	4360.55952380952	NA	3.57440432775716	83.0282196666667	NA	NA	14.739001714	NA	774.20956351851	12999.0817926481	NA	NA	3150.30179280556	NA	NA	63.4189786329223	NA	NA	NA	10615.7613034752	NA	NA	NA
NA	320.601851851852	3.79605181818182	NA	0.777837772727273	18.9946666666667	745.663622474748	NA	201.268215277778	3564.60555555556	NA	2.94230605554409	71.107120735	NA	NA	14.040753516	NA	624.969632585412	11069.8796743194	NA	NA	2866.98625234306	NA	NA	53.8673542687664	NA	NA	NA	8620.05588670606	NA	NA	NA
NA	317.013888888889	4.12628642857143	NA	0.917122357142857	19.4666666666667	0.99631746031746	NA	0.711392063492063	7059.83333333333	NA	3.86148467831	36.5739928	NA	NA	15.76287175	NA	0.893053140825397	0	NA	NA	0	NA	NA	34.3276739547224	NA	NA	NA	0	NA	NA	NA
NA	179.976851851852	5.87466772727273	NA	0.7704947	20.04	631.63535479798	NA	99.9096056944445	2406.48888888889	NA	4.5394697374035	136.5337326875	NA	NA	14.66111965	NA	401.500004822681	2831.02737069444	NA	NA	296.599111916667	NA	NA	101.913412196819	NA	NA	NA	1836.00666041375	NA	NA	NA
NA	255.671296296296	8.2703325	NA	0.712661	20.1283333333333	5382.94728472222	NA	464.653831944445	2452.72222222222	NA	5.875890887605	NA	NA	NA	NA	NA	3816.51104758282	NA	NA	NA	NA	NA	NA	NA	NA	NA	NA	NA	NA	NA	NA
NA	218.055555555556	6.41403	NA	0.530993	19.5844444444444	587.95275	NA	48.6743583333333	247.524691358025	NA	3.40580503179	NA	NA	NA	NA	NA	312.19879458075	NA	NA	NA	NA	NA	NA	NA	NA	NA	NA	NA	NA	NA	NA
138.229648275862	306.597222222222	5.46655448275862	1.04693423876245	0.546158103448276	19.73875	753.070518199234	158.366918645209	92.7288068007663	3567.25520833333	5.55267475974372	2.98252214871552	106.950300128	0.570156789982435	20.5488115483215	10.7214446696	719.595468946978	389.519839458502	13157.2647840444	78.6257031584119	3103.89218973829	1434.46039608	3.03225027774988	109.431845936024	58.6096578484924	11.1955811523027	355.022132654863	14100.8859671716	6500.43806029418	1541.98447728348	59.799002813476	6961.70710890184
91.1251127906977	315.625	5.99112295454545	0.739616478042208	0.794566386363636	19.3211111111111	1214.9743604798	150.019809856871	231.100190277778	3941.47222222222	4.95371896676608	4.53058017833568	129.468928988889	0.324240520058847	14.3446457838594	8.49727194333333	797.875459231223	1012.07806038463	20942.9226265741	68.8886913577693	2978.28560673523	1815.74442768981	2.1626619295314	95.7110509916872	56.6991225844369	6.28957791962315	363.192150442328	15814.9066146795	9565.68606285856	1370.33087731086	41.7753788555689	7212.57235902763
NA	313.773148148148	5.94599810810811	0.290808603275083	1.11429781081081	21.18	1642.90508858859	0	400.792376201201	0	1.3214130930603	6.30277072068514	95.2993041	0.3275117217639	6.15932621736625	23.5865775	0	1986.38097678232	0	0	0	0	1.50051167779532	27.9875293110172	107.03698118058	6.93669826695941	0	0	0	0	31.7808373357048	0
NA	279.050925925926	3.90607078571429	0.126018452011667	0.814662035714286	21.87	903.379674206349	0	261.746118452381	605.233333333333	0.190786895607583	3.03915144746786	33.0346072	0.0810476332452355	2.74972262289457	14.03333662	0	809.069676164407	0	0	0	0	0.122702874827957	4.16297006215747	21.2459103092152	1.76845935741104	0	0	0	0	2.67737672874602	0
NA	234.375	NA	NA	NA	21.6533333333333	NA	NA	NA	5533.64351851852	NA	NA	NA	NA	NA	NA	NA	NA	NA	NA	NA	NA	NA	NA	NA	NA	NA	NA	NA	NA	NA	NA
NA	278.125	NA	NA	NA	NA	NA	NA	NA	NA	NA	NA	NA	NA	NA	NA	NA	NA	NA	NA	NA	NA	NA	NA	NA	NA	NA	NA	NA	NA	NA	NA
NA	309.837962962963	5.50218444444444	0.897305099646907	0.813976666666667	21.298	300.827785493827	22.8607493749223	60.4348473765432	6703.29444444444	6.1686975343552	4.51437415741833	144.111268688889	0.777474639371693	18.8087532292254	18.1410152111111	151.925586341971	264.130153760428	3545.54903851852	25.9765258122602	481.904596823361	606.342127160494	5.29774268876053	129.260723947392	123.634043867128	16.3198272927467	172.66695682928	3202.59136008876	4030.41206518235	547.585164122445	111.171164657313	3639.81944996122
105.986713513514	349.884259259259	4.79658229166667	0.987203301624727	1.51270576744186	22.3204166666667	1501.85130034722	360.681548570766	720.83145251938	8014.28935185185	4.62205209338923	6.87490452155558	105.532640829167	1.51708226014359	22.2529771813715	34.2135068283721	1532.70579896171	3066.75544180659	34215.9340713368	744.12690089903	8337.6399878132	16552.1293080943	6.76451617642871	102.712888784912	153.681747113699	34.6489339676351	3140.13170555763	35261.5645453018	70113.7771928271	17235.483795925	152.787344591883	72453.7253200061
NA	307.638888888889	5.97112	0.700039344723895	1.54533461538462	21.5376470588235	226.437277777778	18.3230751287568	40.3579123931624	3394.64379084967	4.12191342772547	9.1332506389	125.443152723077	1.08724416051788	14.7645491157569	32.5710360538462	141.800603038644	312.418126413162	4742.96579974359	25.3257935324926	383.820734484681	845.341691324786	6.33956792686756	86.6602377643871	191.920212279025	22.9360790182464	196.142489456166	2968.58066794953	6540.029132884	530.183787191446	133.318260279208	4103.72384289511
NA	288.310185185185	NA	NA	NA	21.2881818181818	NA	NA	NA	1547.28535353535	NA	NA	NA	NA	NA	NA	NA	NA	NA	NA	NA	NA	NA	NA	NA	NA	NA	NA	NA	NA	NA	NA
NA	333.912037037037	0.95916	NA	0.9937185	19.9775	884.558666666667	NA	916.429283333333	890.861111111111	NA	0.955526278875	NA	NA	NA	NA	NA	881.207568295833	NA	NA	NA	NA	NA	NA	NA	NA	NA	NA	NA	NA	NA	NA
NA	299.884259259259	NA	NA	NA	20.0275	NA	NA	NA	4990.65625	NA	NA	NA	NA	NA	NA	NA	NA	NA	NA	NA	NA	NA	NA	NA	NA	NA	NA	NA	NA	NA	NA
NA	321.527777777778	2.43846	1.37531815237032	1.266426	19.9466666666667	1996.09785555556	1169.02042951478	1028.18815555556	6747.40277777778	4.15836289574119	3.11671573876	66.6736974	1.81270740787971	30.2845057151946	29.0320488	3534.60846138001	2555.36477564133	56672.64279	1540.80129669775	25741.8298579154	24677.24148	5.50367686969979	91.5671509642211	88.270987114152	39.9158171215112	4678.12533924482	77832.0783195879	75030.3390470292	33928.4445532845	121.190964670789	103012.319970171
NA	306.018518518519	NA	NA	NA	20.9833333333333	NA	NA	NA	6305.16666666667	NA	NA	NA	NA	NA	NA	NA	NA	NA	NA	NA	NA	NA	NA	NA	NA	NA	NA	NA	NA	NA	NA
NA	130.902777777778	6.623125	0.852658525248195	1.4180225	20.52	28.46825	0	5.94214583333333	0	5.46861971733604	9.393979489175	131.6126124	1.20216383341097	17.496552938093	28.9317636	0	40.602219621875	0	0	0	0	7.71048225015492	112.216076599735	185.571107041932	24.6684018615932	0	0	0	0	158.219095773179	0
NA	180.902777777778	NA	NA	NA	16.705	NA	NA	NA	0	NA	NA	NA	NA	NA	NA	NA	NA	NA	NA	NA	NA	NA	NA	NA	NA	NA	NA	NA	NA	NA	NA
NA	170.833333333333	NA	NA	NA	NA	NA	NA	NA	NA	NA	NA	NA	NA	NA	NA	NA	NA	NA	NA	NA	NA	NA	NA	NA	NA	NA	NA	NA	NA	NA	NA
NA	316.782407407407	NA	NA	NA	18.4271428571429	NA	NA	NA	6477.02777777778	NA	NA	NA	NA	NA	NA	NA	NA	NA	NA	NA	NA	NA	NA	NA	NA	NA	NA	NA	NA	NA	NA
NA	100.694444444444	4.31781536585366	NA	0.865000231707317	NA	462.672233739837	NA	82.540687601626	NA	NA	3.74484201549037	NA	NA	NA	NA	NA	413.940062797066	NA	NA	NA	NA	NA	NA	NA	NA	NA	NA	NA	NA	NA	NA
NA	150.462962962963	4.16166104166667	NA	0.648768659090909	17.9125	326.346922453704	NA	49.6862672348485	1851.28472222222	NA	3.22112833009045	NA	NA	NA	NA	NA	108.735925979011	NA	NA	NA	NA	NA	NA	NA	NA	NA	NA	NA	NA	NA	NA
NA	104.976851851852	3.44722035714286	0.276012169722976	0.383302571428571	17.5133333333333	127.489067460317	0	11.7057367063492	0	1.16541132285107	1.31638977295929	75.2259717	0.112168463300952	4.91853686446343	7.24209255	0	44.0194704658433	0	0	0	0	0.473112106039754	20.767629773206	30.5398135719765	1.99884201602297	0	0	0	0	8.43085772962842	0
NA	175.694444444444	NA	NA	NA	NA	NA	NA	NA	NA	NA	NA	NA	NA	NA	NA	NA	NA	NA	NA	NA	NA	NA	NA	NA	NA	NA	NA	NA	NA	NA	NA
NA	200.115740740741	NA	NA	NA	NA	NA	NA	NA	NA	NA	NA	NA	NA	NA	NA	NA	NA	NA	NA	NA	NA	NA	NA	NA	NA	NA	NA	NA	NA	NA	NA
NA	147.916666666667	NA	NA	NA	NA	NA	NA	NA	NA	NA	NA	NA	NA	NA	NA	NA	NA	NA	NA	NA	NA	NA	NA	NA	NA	NA	NA	NA	NA	NA	NA
NA	123.032407407407	NA	NA	NA	17.6733333333333	NA	NA	NA	1149.66203703704	NA	NA	NA	NA	NA	NA	NA	NA	NA	NA	NA	NA	NA	NA	NA	NA	NA	NA	NA	NA	NA	NA
NA	257.523148148148	1.76673157142857	0.678026107005862	0.608189042857143	19.2166666666667	236.821736984127	217.798967957807	93.7306542063492	5598.05092592593	1.03442819552514	1.11417642869917	31.0570939311111	0.446679756718492	13.3441417169701	12.0757684783333	183.444787320828	116.154688202474	3777.38163675926	126.474314281734	4768.47557113339	2565.82597354012	0.729602384810533	19.6685659582734	20.9381797681898	8.84056916406263	115.512428773934	3976.91202935225	2445.37451397948	2757.42404500897	14.092588289598	2481.84901668956
NA	209.027777777778	5.04718708333333	NA	0.792365916666667	18.39	916.08774537037	NA	169.229239814815	0	NA	3.97012388297375	NA	NA	NA	NA	NA	801.966969156216	NA	NA	NA	NA	NA	NA	NA	NA	NA	NA	NA	NA	NA	NA
NA	223.726851851852	2.25332642857143	0.557156335298918	0.754901428571429	19.3875	871.35739021164	102.145328138135	258.35418015873	1760.16666666667	0.843756959054207	1.66938237728605	30.1083638	0.206087394242971	11.0428385656245	7.32680985	154.688775826605	608.738746575246	5519.86669666667	37.7826889445447	2024.52040369783	1343.2484725	0.311166882415156	16.7232629284544	11.0969207943432	4.08465215389568	57.0472617761119	3065.9315368833	2034.43547896292	748.852894880875	6.16732760946839	1130.67672840254
NA	140.625	6.90506371428571	0.317672397393227	0.67441	19.998	1047.52716190476	110.302915761537	95.4161773015873	2657.18888888889	1.68723116720683	4.70872152818314	107.817969	0.176467334424335	6.44874966708251	11.2766703	585.844155280149	617.110812816206	37436.7947916667	61.2733800084496	2239.1491899592	3915.51052083333	0.937258600614561	34.2507926942986	59.892989597469	3.582286888814	325.437014102278	11892.636352187	20796.1769435656	1243.84961417153	19.0263495924756	6606.37138627625
NA	313.078703703704	3.281625	NA	0.970932	19.77625	0	NA	0	7590.31944444445	NA	3.18151029661	NA	NA	NA	NA	NA	0	NA	NA	NA	NA	NA	NA	NA	NA	NA	NA	NA	NA	NA	NA
NA	206.712962962963	5.88843833333333	0.433865242517214	0.7632515	20.84375	362.561166666667	0	35.1970271604938	3254.08333333333	1.10254269293717	4.45097833293444	52.1964534	0.291204276664159	8.91159208130357	13.78616044	0	278.044504442966	0	0	0	0	0.740011219901727	22.6462269129295	35.0335287717324	5.98133584268182	0	0	0	0	15.1998304567815	0
NA	313.541666666667	3.73506722222222	0.491613454789711	0.71149837037037	22.1165217391304	323.935310699589	82.0982626290603	93.6085991769547	6878.7729468599	1.72377975915117	2.67304456998852	79.0663630222222	0.349097298173752	10.3736859741075	15.0660500507407	211.250311685542	236.14620283744	6936.63845130659	63.0437596086695	1769.90762121509	2020.68047232613	1.21744966469734	36.3648797438873	56.7160829823165	7.38549851321391	155.611042387532	4527.44537506271	5067.61502973878	1362.83186559048	25.7376505521408	3342.78156355314
NA	296.527777777778	4.23531875	0.480871811260918	1.02942920833333	21.574375	1262.56214583333	166.55634442956	416.31789837963	4491.84895833333	1.90500643511287	4.79738517907958	94.2778571777778	0.338604734839971	10.5107120236861	17.5794739046667	444.09801070857	1784.45663194924	16803.7833252469	74.1418776688847	3719.58803591488	3560.2114740963	1.55435703163651	41.1938714158513	81.1800044547777	7.26365351988653	256.242474218126	9782.97431876541	12150.6173859588	1594.35290570545	33.3344315655376	5508.20061747825
NA	284.606481481481	3.98861392857143	0.15838783372072	1.46572978947368	21.325	781.247044642857	7.56315231967294	367.066151608187	2401.31111111111	0.660606961809575	5.66118073755211	72.99885845	0.324250318739366	3.56855157900879	33.1069810628571	29.2045463737676	1011.16857167977	4528.89336895833	13.0154063521414	166.754821006119	1587.44409188095	1.43482861436443	15.0105750742005	132.578273353888	7.40676906330049	54.2333838862981	648.228370901267	6418.08135880208	294.305811186463	32.8775133400383	1229.23088530942
NA	292.824074074074	6.89643820588235	0.653362623666869	1.76307404761905	22.5692857142857	3104.97674346405	353.773940305177	843.812396164021	10966.1031746032	4.81358365478698	12.3857585372529	166.800143826923	1.09010734263803	14.8393518317032	39.7777469	2669.77342445784	6550.79386179083	89289.4801371261	653.567672607677	8074.94920167077	23243.5536113317	8.3144027574488	109.247904496382	302.849104346499	24.6235685482065	5102.01566729024	60904.0807408412	181279.834975762	14834.1740422552	187.849983877972	115804.292166981
210.917236111111	284.490740740741	7.732166	1.00073019588571	1.62274038461538	22.5214285714286	2225.98707916667	6.38046469309989	604.55102457265	130.952380952381	9.28624088512178	12.0578571187295	205.196192469231	1.47187104279648	22.5307957202093	33.0984598230769	63.5823382446483	3866.61073369969	1405.30782051282	7.33754414105876	140.370223248198	162.172435897436	13.576863541017	208.969760787933	300.539943450146	33.1711467609915	73.1450370287403	1398.81144138226	1616.59184467564	161.425971103293	305.828305902235	1609.19081463229
NA	207.523148148148	5.99418368421053	0.675981118448636	0.920216578947368	22.7833333333333	380.445769005848	0	102.299416959064	10781.7222222222	4.55484435452255	5.70513544541632	144.79714865	0.612190504240353	14.5268342354612	19.46095718	0	310.561216204719	0	0	0	0	4.12775547843316	97.8836051786895	131.212803988317	13.1559739361252	0	0	0	0	88.7054652315286	0
NA	273.958333333333	4.67216833333333	1.19210292280731	0.930250166666667	23.338125	1551.81841435185	381.516407191916	286.891723148148	6032.35763888889	5.55580556287603	4.36020313562833	108.316123025	1.27820119914398	27.7336154703859	24.7273668325	1679.15404363037	1279.35224703655	34302.0009960764	351.061711750919	9016.46232066512	7169.23383142361	5.99267914410232	129.124365529366	115.876328690035	29.6898410964909	1547.09317580191	39688.8288942141	31589.3237315203	8299.76110501574	139.060796759309	36580.567574883
112.13434	281.828703703704	4.52218360606061	1.14593487934726	1.16823790909091	23.1727272727273	627.403693855219	244.977985129556	362.907568265993	4850.94444444444	6.35530524441536	4.75828551527636	129.571222504545	1.17963879916176	26.591649617694	23.5252129909091	837.860152637605	741.81673815835	17077.624979899	281.958548634561	5823.22373629805	5435.60634940152	6.34484783297088	146.570471734145	128.21022168594	27.4509145304493	884.181904871636	19790.5761350573	17626.0458761111	6736.66379069367	146.501812614307	20984.2391820992
NA	137.384259259259	8.964801	1.02328717816703	0.834758533333333	22.2875	1157.88690092593	23.6665363913078	101.47846787037	495.458333333333	8.98810723819675	7.48793171329133	195.63640544375	0.890390344489541	22.8790541737684	19.319080404375	209.29199691121	969.574755418937	4381.28047291667	17.8037023965075	536.046613198653	372.732541006944	7.80833894998734	201.076655313135	169.360933016446	19.9416199743161	157.423640540015	4740.4245055655	3295.59936336489	403.307735294997	174.964446560076	3566.09544754739
NA	180.902777777778	8.20009454545455	1.03308484464424	0.574927985833333	20.93	652.617051767677	0	8.4644043912037	0	9.15903418369669	5.01203266611931	193.095789	0.759121246025728	22.5212496132445	16.0151956	0	75.4197521315163	0	0	0	0	6.7331141290621	199.666945204588	141.918824827852	16.5488431633609	0	0	0	0	146.781888013554	0
NA	114.930555555556	7.56377769230769	NA	0.778726	20.74	955.482820512821	NA	78.3253686507936	698.916666666667	NA	5.96925125708857	NA	NA	NA	NA	NA	587.517659355254	NA	NA	NA	NA	NA	NA	NA	NA	NA	NA	NA	NA	NA	NA
NA	94.5601851851852	2.07862	0.799509972232392	0.817475	20.4275	0	0	0	14.125	1.66187741848169	1.6992198845	42.403848	0.653579414550675	16.3100034335408	16.67649	0	0	0	0	0	0	1.35854324267332	33.9022993370266	34.6640856438	13.3330200568338	0	0	0	0	27.7142821505358	0
NA	213.310185185185	2.93775645833333	0.775680533434842	0.86341825	20.57	433.577770833333	0	192.303511168981	0	1.54938791760341	2.53743657860583	41.2238869916667	0.562042559737667	15.961695054907	14.880815895	0	380.805014885256	0	0	0	0	1.11636941603367	31.8625499987515	29.6520128188025	11.570076080432	0	0	0	0	22.9673126970765	0
NA	203.125	4.90789888888889	NA	0.781162777777778	21.626	161.34775462963	NA	29.5775114197531	6066.22777777778	NA	3.82680833660778	NA	NA	NA	NA	NA	129.943013142028	NA	NA	NA	NA	NA	NA	NA	NA	NA	NA	NA	NA	NA	NA
NA	218.402777777778	7.557245	NA	0.647889	19.7833333333333	98.7653125	NA	7.83603125	265.740740740741	NA	4.8913849930825	NA	NA	NA	NA	NA	61.8965123775625	NA	NA	NA	NA	NA	NA	NA	NA	NA	NA	NA	NA	NA	NA
NA	245.486111111111	8.825239	0.591960498801663	0.7242695	21.3809090909091	513.798341666667	169.366476046031	34.3277288888889	8735.97727272727	5.81520091484298	6.35713314975	199.2232164	0.368835195830347	12.0049589156977	12.63594072	1663.79359508008	332.094727734394	56999.9758033333	105.527847695905	3434.75213421352	3615.28303933333	3.62330049481488	117.932274553016	124.130806335214	7.47997777143945	1036.66653046092	33741.7341082239	35515.2029236861	2140.10475127295	73.4805340348457	21023.5972377475
NA	235.87962962963	6.420955	0.855317810106391	0.890817833333333	21.4792307692308	31.0271851851852	0	2.89972592592593	4734.78632478633	3.05927613013492	5.21713495304	91.2703953333333	0.88260204569413	18.1298533616631	21.1365238133333	0	24.2919899882963	0	0	0	0	2.76996424537621	64.4388817403594	79.3925137033549	18.7265149779226	0	0	0	0	58.4314687288875	0
NA	69.5601851851852	7.47321315217391	0.865942645982078	0.716113954545455	21.63	580.121835144928	0	46.7152228535354	0	3.76310030378737	5.28854936669795	93.85700415	0.768089883172003	18.7303394325924	19.18589652	0	376.879915542643	0	0	0	0	3.33778729149202	81.3958595709209	83.2496071866375	16.6137841730104	0	0	0	0	72.1963391149724	0
NA	190.740740740741	11.5414405263158	0.516890153942753	0.791780066666667	20.6757142857143	1093.22887426901	2.09617765313137	63.4378405555556	1563.75595238095	5.34608830741757	9.1482499018	214.583908733333	0.366780588892404	10.8881109763494	15.2573333818182	24.5886263197092	921.580665902204	797.94666875	0.868732469796551	44.0406924922902	29.2520744444444	3.73110812221168	112.565877734591	153.354451706181	7.72806796504822	9.91380119882428	516.607038977091	333.818823145111	18.2520691904255	78.5823691126733	208.288963187298
NA	189.12037037037	9.492544	0.709581807536697	1.0908029	19.58	2165.63740868056	0	249.91260875	0	6.98201083057183	10.2670362162938	192.47217155	0.793963330276603	13.8851727583994	21.8862611	0	2363.82721283291	0	0	0	0	7.8126949172783	136.626179751625	215.336665379396	15.5374537942681	0	0	0	0	152.892055772022	0
NA	164.351851851852	8.59213555555556	0.588364626964442	0.9538478125	18.9533333333333	761.670861111111	1.7149869321798	40.6725987847222	54.2777777777778	5.53844164285203	8.65898157721	177.884389716667	0.647355693593086	11.2119874126403	20.8785694083333	14.5264612058935	283.247548261993	459.721108055556	1.87456064834151	33.5108446547934	59.3798888888889	6.0900910902231	105.524416731156	195.832477373279	12.3347394699121	15.8706004766358	283.847051963159	502.697539398556	36.6289150685931	116.022062619897	310.111533313464
NA	192.12962962963	4.77115375	NA	0.76545	18.75125	2072.42369791667	NA	409.437011574074	1911.94444444444	NA	3.39915350853167	NA	NA	NA	NA	NA	1844.58151848927	NA	NA	NA	NA	NA	NA	NA	NA	NA	NA	NA	NA	NA	NA
NA	228.587962962963	7.31282439393939	0.899284835646734	0.80289296969697	18.9666666666667	2429.57963089226	147.367495046644	274.282479292929	1715.22222222222	6.84954799392201	5.91651778916652	145.470871755556	0.619441436048401	17.2421364604553	13.0259741755556	1154.60558488681	2013.31269915012	26481.8252661728	88.3222761045373	2852.12511982548	2012.22155306173	4.72617269502441	131.46912990029	98.9329259755772	11.864431247552	697.053690402372	22339.9923870964	15780.8522560937	1707.95144963846	90.6278995871727	13475.5341460098
NA	141.666666666667	9.52314666666667	NA	NA	19.24	189.807712962963	NA	NA	0	NA	NA	NA	NA	NA	NA	NA	NA	NA	NA	NA	NA	NA	NA	NA	NA	NA	NA	NA	NA	NA	NA
NA	176.388888888889	6.07902777777778	NA	0.815055666666667	19.23	1349.54843209877	NA	205.903726466049	64.9305555555556	NA	4.95846832769222	NA	NA	NA	NA	NA	1200.4487669681	NA	NA	NA	NA	NA	NA	NA	NA	NA	NA	NA	NA	NA	NA
NA	100.231481481481	8.13001588235294	-0.026961163254372	0.576991333333333	16.79	1004.46253921569	-5.01777205011923	69.59007	3124.80555555556	-0.141696819988045	4.52877178123167	88.2413561	-0.0156039080392841	-0.452677931040906	9.71729645	-26.3713526088861	560.192724107087	16422.6968297222	-2.90406066286676	-84.2483927215019	1808.49683930556	-0.0820077430521809	-2.37908960759927	51.0701260496555	-0.261989615979579	-15.2625521791559	-442.775010303198	9504.71790368589	-48.7591785295328	-1.37691000584612	-256.258251088027
NA	111.921296296296	6.9284547826087	NA	0.559974565217391	19.4383333333333	385.596166666667	NA	35.4630923913044	1529.69907407407	NA	3.86331029172174	NA	NA	NA	NA	NA	226.387258058521	NA	NA	NA	NA	NA	NA	NA	NA	NA	NA	NA	NA	NA	NA
NA	226.736111111111	9.24049842105263	0.551000025146191	0.64109	19.2516666666667	1483.56220906433	41.0327353118452	109.495852777778	3940.54861111111	4.96823970466031	5.95440672080737	168.234671375	0.324953225088224	10.2752980524668	10.97231333125	382.154526658079	1076.29968251675	13436.4113844792	23.3737869532304	754.24221401586	821.461789704861	2.92668221776527	92.6051327273429	98.9563734579318	6.06321120327198	217.655273976509	7024.27353850273	7651.44866413628	429.663204426912	54.5817790343656	4000.82286044149
NA	195.486111111111	7.38601925	0.595270656663473	0.510057388888889	19.108	870.196668055556	79.1208940384067	78.0412597222222	3818.91111111111	4.41648036119068	3.77684750561917	139.933887458333	0.304203266933719	11.2485226742723	9.631325545	582.464501379235	573.621488438148	18190.3821946914	47.4484760812142	1489.11971968189	1469.27895744907	2.25436711419165	83.4640904655809	71.3206786095249	5.74742266749795	348.285776060335	10961.5720975547	10798.5891167944	893.553525462852	42.594709437634	6558.3682624518
NA	209.953703703704	3.91683329166667	0.63675809553579	0.661624895833333	19.0715384615385	1016.7291087963	56.686537044355	147.763434722222	1143.32478632479	2.2142527350155	2.35590942951921	69.03539606	0.441221576880328	12.1608926703914	12.799730176	233.18046470214	677.497587850857	7542.18387548148	37.3123469983728	1089.83425077385	1101.40281617407	1.31638525261225	41.928189322743	40.4755242635234	8.47269168927992	134.345896821477	4468.47859841136	4321.89326376124	719.537457218449	25.0208319368108	2577.94146565475
NA	251.62037037037	4.232795	0.866688948277453	0.903771461538462	19.878125	895.889245726496	37.2731161475489	174.584836858974	2973.39930555556	3.45735594596916	3.81008685347154	76.8106712428571	0.780844538333553	16.8044204946525	17.4568803753571	199.343216408317	793.416488174339	4263.91444833333	30.8454283325562	720.30452226819	659.796360648809	3.0988158475444	66.9736507176787	68.7999969058218	15.1435023359659	164.411667454961	3854.05535611709	3515.9886308368	595.994033781056	60.0397136663371	3178.22555138688
NA	245.717592592593	4.25470538461538	0.532342283971974	0.665997653846154	20.3318181818182	414.77842948718	54.7491728097718	100.556104487179	2115.46717171717	2.45950465085808	2.87092644994423	91.014267225	0.394755595234184	10.5234318509885	14.541644175	106.510369024186	253.951825511852	4486.95426793982	37.262222291396	1081.29616299299	1575.92058721065	1.8346698214803	48.8695282033382	67.2437187380245	7.78963906815724	72.1234932633235	2103.57978822767	3041.16527315227	735.92889025507	36.3827423928228	1424.43899195064
58.8907766666667	251.041666666667	4.44149170731707	0.783613106190785	1.1123823902439	21.1942857142857	661.676693766938	139.061026990467	220.670049864499	4545.2962962963	3.45966574122617	4.72191806984951	93.4624350405405	0.970178617943859	16.6253931116113	24.4642858137838	497.104188055254	803.469637731773	11313.8489381832	204.253965261415	3062.36256029311	4399.61637506456	4.09354785159747	72.8416127634167	103.721037562755	21.0047413406794	731.539872054714	10908.1703198097	15776.0225237134	4563.32868876462	88.1209966039556	16315.5222690409
NA	245.25462962963	3.28013260869565	0.656581331439924	0.88813447826087	21.8090909090909	293.015739130435	38.8129914376083	105.981750845411	4950.09848484848	2.35872516072947	2.95266291963217	72.565487875	0.59902770585144	13.5872067571969	18.5271403185	109.781137845574	234.721115590023	3837.779444125	30.4881476006284	760.74745059844	1050.28674045556	2.16989982879229	48.8964036921615	65.8410630720828	12.4196257511322	85.8400573625796	2150.2877971462	2989.32443762894	597.82816658797	45.0584856216073	1682.11068891274
NA	228.009259259259	2.654764	0.49979520755592	0.867750975	21.9325	152.714506944444	26.2860584522922	61.1038397222222	4329.49166666667	1.37523518839445	2.3670465224765	58.2751198	0.443333167125034	10.6832031585693	18.7584999580556	46.7058754873177	115.101889333444	2007.60468231481	19.0045841958333	564.50723388763	831.833504490741	1.25972847182707	29.4398010473473	52.5399971660648	9.48272377038918	34.3376269433418	1000.49027173815	1467.38158690124	407.854620869095	26.9996077187611	735.108792907516
NA	218.402777777778	3.33005	0.43699454074892	0.967244652173913	21.8254545454545	581.275816425121	61.8608988168064	205.383154951691	2147.18686868687	1.59308929147029	3.05327676455609	78.4177561	0.311169469750117	9.49522386676603	15.3993633306667	191.044593068725	576.167651719825	9535.8404172037	45.9934899700164	1364.553723948	2313.62475869815	1.13652604276173	34.5824261713295	55.7027524161599	6.76498249216572	142.49058673313	4213.79806336346	7019.24483129122	1015.83116349723	24.6841890675737	3147.59753735327
NA	182.175925925926	3.72891857142857	0.50405971777487	0.894400647058823	22.3471428571429	496.446518518519	17.8720380870135	130.252370915033	665.912698412698	1.82543620528744	3.30811098382294	79.7587428571429	0.492331060585118	11.2615685180637	20.40145678	66.9767981404091	496.156418181892	2496.21678888889	20.0361196092774	399.894544318439	745.879078916667	1.76078425624142	40.7625037789288	72.3853968006813	10.9766870576732	75.0943587121731	1498.65329165184	2796.14159696963	448.347216125563	39.2457658859224	1680.40720021063
NA	179.050925925926	NA	NA	NA	21.9425	NA	NA	NA	1042.68055555556	NA	NA	NA	NA	NA	NA	NA	NA	NA	NA	NA	NA	NA	NA	NA	NA	NA	NA	NA	NA	NA	NA
NA	222.337962962963	5.4725025	0.449501173125755	0.77532496875	20.958	1389.70938975694	129.855894458551	196.233624826389	4171.86111111111	2.65066622320677	4.09221013560281	112.7245392	0.211975094176514	8.58996741843317	9.01240977	765.748020037512	1202.60711139526	32564.86688	61.2372494287707	2481.54614310292	2603.58504466667	1.25057908324867	50.6542315254814	53.1864194396535	4.05084404971318	361.278401827393	14633.4446629169	15364.9656158999	1170.24383658381	23.898566280882	6904.03025892147
NA	214.699074074074	3.23366546774194	1.05249290237258	1.06324383870968	22.0281818181818	347.368488844086	262.913480279198	347.902115412186	4853.82828282828	3.70931073430893	2.99195333765798	82.6973869822727	1.10002384056748	23.5024412489061	22.248215345	294.61533460103	402.651588870536	5794.95335496212	338.123836865936	6239.85759692271	6070.01245168182	3.39002078511986	80.1803257004636	74.3103289318692	24.9548735974093	353.908705719312	6803.42616382965	6764.76774011949	8119.34289606171	73.7033720839125	8294.25299580669
